Dates,VIX Index,GT10 Govt
7/28/2000,20.84,0.06034
7/31/2000,20.74,0.06031
8/1/2000,20.55,0.05984
8/2/2000,20,0.05976
8/3/2000,19.99,0.05952
8/4/2000,18.62,0.05901
8/7/2000,19.03,0.05956
8/8/2000,18.79,0.05918
8/9/2000,19.18,0.05916
8/10/2000,19.19,0.05763
8/11/2000,18.55,0.0579
8/14/2000,17.88,0.05771
8/15/2000,17.98,0.05802
8/16/2000,18.02,0.05838
8/17/2000,17.48,0.0581
8/18/2000,17.05,0.05773
8/21/2000,17.35,0.05781
8/22/2000,17.47,0.05775
8/23/2000,17.38,0.05727
8/24/2000,17.04,0.05719
8/25/2000,16.53,0.05729
8/28/2000,16.54,0.05777
8/29/2000,16.89,0.05808
8/30/2000,17.69,0.058
8/31/2000,16.84,0.05725
9/1/2000,17.53,0.05679
9/4/2000,17.53,0.05683
9/5/2000,19.82,0.05689
9/6/2000,20.79,0.05724
9/7/2000,19.42,0.05752
9/8/2000,18.46,0.05739
9/11/2000,18.4,0.05766
9/12/2000,18.59,0.05772
9/13/2000,18.32,0.05724
9/14/2000,18.26,0.05785
9/15/2000,18.52,0.0584
9/18/2000,20.25,0.05871
9/19/2000,19.54,0.05852
9/20/2000,19.93,0.05897
9/21/2000,20.18,0.05823
9/22/2000,20.74,0.05848
9/25/2000,21.41,0.05837
9/26/2000,21.88,0.05802
9/27/2000,21.67,0.05821
9/28/2000,19.47,0.05812
9/29/2000,20.57,0.05802
10/2/2000,21.23,0.05823
10/3/2000,21.85,0.05867
10/4/2000,21.54,0.05886
10/5/2000,21.03,0.05852
10/6/2000,22.71,0.05812
10/9/2000,24.02,0.05823
10/10/2000,24.86,0.05772
10/11/2000,26.57,0.05774
10/12/2000,30.51,0.05709
10/13/2000,27.6,0.05724
10/16/2000,26.79,0.05732
10/17/2000,27.84,0.05673
10/18/2000,28.72,0.05667
10/19/2000,25.09,0.05655
10/20/2000,24.24,0.05632
10/23/2000,24.69,0.05584
10/24/2000,24.28,0.05615
10/25/2000,26.65,0.05684
10/26/2000,28.62,0.0569
10/27/2000,26.47,0.05713
10/30/2000,25.46,0.05732
10/31/2000,23.63,0.05751
11/1/2000,24.28,0.05742
11/2/2000,23.92,0.05738
11/3/2000,23.67,0.05827
11/6/2000,24.52,0.05855
11/7/2000,24.91,0.05866
11/8/2000,25.66,0.05855
11/9/2000,27.2,0.05825
11/10/2000,28.53,0.05783
11/13/2000,29.06,0.05766
11/14/2000,26.81,0.05753
11/15/2000,26.15,0.05731
11/16/2000,25.05,0.05669
11/17/2000,24.81,0.05704
11/20/2000,27.43,0.05677
11/21/2000,26.62,0.05652
11/22/2000,27.71,0.05624
11/23/2000,27.71,0.05612
11/24/2000,26,0.05624
11/27/2000,26.93,0.05624
11/28/2000,27.64,0.05582
11/29/2000,27.49,0.05524
11/30/2000,29.65,0.05468
12/1/2000,27.48,0.05503
12/4/2000,27.78,0.05551
12/5/2000,24.99,0.05416
12/6/2000,25.07,0.05326
12/7/2000,25.34,0.05309
12/8/2000,22.41,0.05299
12/11/2000,23.51,0.05362
12/12/2000,24.88,0.05346
12/13/2000,23.63,0.05258
12/14/2000,24.86,0.05213
12/15/2000,26.55,0.0518
12/18/2000,27.7,0.0517
12/19/2000,27.17,0.05188
12/20/2000,31.74,0.05037
12/21/2000,29.66,0.05025
12/22/2000,27.55,0.05006
12/25/2000,27.55,0.05008
12/26/2000,28.73,0.05036
12/27/2000,28.14,0.05104
12/28/2000,26.57,0.05118
12/29/2000,26.85,0.05112
1/1/2001,26.85,0.05114
1/2/2001,29.99,0.04916
1/3/2001,26.6,0.05158
1/4/2001,26.97,0.05039
1/5/2001,28.67,0.04931
1/8/2001,29.84,0.04956
1/9/2001,27.99,0.05
1/10/2001,26.8,0.05104
1/11/2001,25.79,0.0511
1/12/2001,24.56,0.0525
1/15/2001,24.56,0.05242
1/16/2001,25.28,0.0523
1/17/2001,24.93,0.05175
1/18/2001,23.37,0.05114
1/19/2001,23.24,0.05168
1/22/2001,23.25,0.05225
1/23/2001,21.57,0.05281
1/24/2001,22.03,0.05305
1/25/2001,22.64,0.05245
1/26/2001,22.57,0.05268
1/29/2001,22.61,0.05303
1/30/2001,22.57,0.05229
1/31/2001,22.02,0.05114
2/1/2001,21.66,0.05086
2/2/2001,21.95,0.05148
2/5/2001,22.19,0.05167
2/6/2001,21.98,0.05183
2/7/2001,21.67,0.05187
2/8/2001,21.46,0.05089
2/9/2001,22.03,0.0503
2/12/2001,21.92,0.05046
2/13/2001,21.37,0.0507
2/14/2001,21.52,0.05164
2/15/2001,20.27,0.05166
2/16/2001,22.12,0.05109
2/19/2001,22.12,0.05097
2/20/2001,24.69,0.05105
2/21/2001,25.75,0.05139
2/22/2001,26.76,0.05156
2/23/2001,27.21,0.05097
2/26/2001,25.43,0.05034
2/27/2001,26.49,0.04952
2/28/2001,28.35,0.04896
3/1/2001,28.08,0.04874
3/2/2001,27.43,0.04947
3/5/2001,27.12,0.04976
3/6/2001,25.89,0.04971
3/7/2001,24.12,0.04899
3/8/2001,24.29,0.04889
3/9/2001,25.62,0.04929
3/12/2001,30.32,0.04891
3/13/2001,27.55,0.04929
3/14/2001,29.61,0.04818
3/15/2001,28.56,0.04786
3/16/2001,29.91,0.0477
3/19/2001,29.78,0.04813
3/20/2001,30.96,0.04758
3/21/2001,31.93,0.04778
3/22/2001,32.84,0.04756
3/23/2001,30.45,0.04815
3/26/2001,29.04,0.04869
3/27/2001,27.04,0.05011
3/28/2001,28.58,0.04975
3/29/2001,29.17,0.04997
3/30/2001,28.64,0.04917
4/2/2001,31.21,0.04977
4/3/2001,34.72,0.04929
4/4/2001,34.07,0.04914
4/5/2001,29.94,0.04973
4/6/2001,31.69,0.0489
4/9/2001,31.91,0.04932
4/10/2001,29.44,0.05083
4/11/2001,28.46,0.05119
4/12/2001,26.12,0.05169
4/13/2001,26.12,0.05163
4/16/2001,26.33,0.05254
4/17/2001,25.61,0.05225
4/18/2001,24.13,0.05146
4/19/2001,24.16,0.05294
4/20/2001,25.38,0.05288
4/23/2001,28.16,0.05177
4/24/2001,28.49,0.05209
4/25/2001,27.4,0.05256
4/26/2001,25.96,0.05192
4/27/2001,24.02,0.05328
4/30/2001,25.48,0.05338
5/1/2001,24.2,0.05292
5/2/2001,24.23,0.05288
5/3/2001,25.78,0.05205
5/4/2001,23.91,0.05205
5/7/2001,24.86,0.05197
5/8/2001,24.44,0.05245
5/9/2001,24.35,0.05174
5/10/2001,24,0.05295
5/11/2001,23.54,0.05447
5/14/2001,24.26,0.05441
5/15/2001,23.71,0.05512
5/16/2001,21.89,0.05445
5/17/2001,21.47,0.05407
5/18/2001,21.23,0.05405
5/21/2001,20.76,0.05374
5/22/2001,21.35,0.0541
5/23/2001,22.08,0.05401
5/24/2001,20.57,0.05491
5/25/2001,20.6,0.05511
5/28/2001,20.6,0.05494
5/29/2001,22.14,0.05515
5/30/2001,22.76,0.05509
5/31/2001,22.64,0.05381
6/1/2001,21.59,0.05364
6/4/2001,21.38,0.05341
6/5/2001,19.58,0.05269
6/6/2001,20.39,0.05255
6/7/2001,19.67,0.05324
6/8/2001,19.92,0.05356
6/11/2001,20.7,0.05284
6/12/2001,20.7,0.05253
6/13/2001,21.45,0.05263
6/14/2001,23.12,0.05221
6/15/2001,22.81,0.05232
6/18/2001,23.17,0.05251
6/19/2001,22.34,0.05236
6/20/2001,21.71,0.05205
6/21/2001,19.38,0.05172
6/22/2001,20.02,0.05115
6/25/2001,20.67,0.0513
6/26/2001,21.2,0.05224
6/27/2001,20.88,0.05235
6/28/2001,20.01,0.05335
6/29/2001,19.06,0.05412
7/2/2001,18.76,0.05322
7/3/2001,18.92,0.0538
7/4/2001,18.92,0.05378
7/5/2001,20.09,0.05391
7/6/2001,21.63,0.05359
7/9/2001,22.48,0.05327
7/10/2001,23.25,0.05274
7/11/2001,24.01,0.05289
7/12/2001,22.09,0.05234
7/13/2001,21.14,0.05217
7/16/2001,22.91,0.05173
7/17/2001,22.61,0.05204
7/18/2001,23.6,0.05091
7/19/2001,22.51,0.05106
7/20/2001,22.34,0.05129
7/23/2001,23.74,0.05104
7/24/2001,25.24,0.0511
7/25/2001,24,0.05182
7/26/2001,23.01,0.05129
7/27/2001,22,0.05098
7/30/2001,22.69,0.05066
7/31/2001,21.62,0.05054
8/1/2001,20.56,0.05071
8/2/2001,20.09,0.05151
8/3/2001,19.89,0.05157
8/6/2001,21.89,0.05153
8/7/2001,21.01,0.05168
8/8/2001,22.32,0.0505
8/9/2001,21.75,0.05034
8/10/2001,20.55,0.0498
8/13/2001,20.42,0.04976
8/14/2001,20.48,0.04966
8/15/2001,20.91,0.05
8/16/2001,21.54,0.0494
8/17/2001,23.84,0.04839
8/20/2001,22.87,0.04902
8/21/2001,24.4,0.04864
8/22/2001,22.44,0.04894
8/23/2001,22.23,0.0488
8/24/2001,19.71,0.04922
8/27/2001,20.56,0.04924
8/28/2001,22,0.04836
8/29/2001,23.03,0.04771
8/30/2001,25.41,0.04812
8/31/2001,24.92,0.04832
9/3/2001,24.92,0.04826
9/4/2001,25.85,0.04959
9/5/2001,26.35,0.04967
9/6/2001,28.61,0.04873
9/7/2001,30.99,0.0479
9/10/2001,31.84,0.04835
9/11/2001,31.84,0.04727
9/12/2001,31.84,0.04727
9/13/2001,31.84,0.04623
9/14/2001,31.84,0.04553
9/17/2001,41.76,0.04623
9/18/2001,38.87,0.04707
9/19/2001,40.56,0.04691
9/20/2001,43.74,0.04742
9/21/2001,42.66,0.04691
9/24/2001,37.75,0.04716
9/25/2001,35.81,0.047
9/26/2001,35.26,0.04628
9/27/2001,34,0.04548
9/28/2001,31.93,0.04588
10/1/2001,32.32,0.0454
10/2/2001,31.18,0.04501
10/3/2001,31.34,0.04468
10/4/2001,31.97,0.04506
10/5/2001,33.39,0.04504
10/8/2001,35.12,0.04506
10/9/2001,34.83,0.04593
10/10/2001,31.6,0.04597
10/11/2001,31.5,0.04666
10/12/2001,35.27,0.04669
10/15/2001,35.31,0.04599
10/16/2001,32.88,0.04559
10/17/2001,35.08,0.04567
10/18/2001,34.95,0.04577
10/19/2001,34.11,0.04621
10/22/2001,32.25,0.04633
10/23/2001,32,0.04643
10/24/2001,30.95,0.04596
10/25/2001,29.46,0.04551
10/26/2001,28.42,0.04529
10/29/2001,31.64,0.0448
10/30/2001,33.46,0.0441
10/31/2001,33.56,0.04232
11/1/2001,32.31,0.0424
11/2/2001,30.71,0.04358
11/5/2001,30.5,0.04296
11/6/2001,28.8,0.04256
11/7/2001,29.13,0.04178
11/8/2001,28.62,0.04286
11/9/2001,27.44,0.04303
11/12/2001,29.35,0.04303
11/13/2001,26.47,0.04378
11/14/2001,26.56,0.04539
11/15/2001,25.56,0.04762
11/16/2001,25.07,0.04843
11/19/2001,24.46,0.04798
11/20/2001,24.12,0.04863
11/21/2001,24.19,0.05013
11/22/2001,24.19,0.04966
11/23/2001,23.25,0.04987
11/26/2001,23.79,0.05015
11/27/2001,24,0.04919
11/28/2001,25.9,0.04925
11/29/2001,25.18,0.04756
11/30/2001,23.84,0.04752
12/3/2001,25.77,0.04687
12/4/2001,24.08,0.0466
12/5/2001,23.02,0.04893
12/6/2001,23.71,0.05013
12/7/2001,23.49,0.05167
12/10/2001,25.62,0.05098
12/11/2001,25.3,0.05051
12/12/2001,24.87,0.05005
12/13/2001,25.91,0.05073
12/14/2001,24.63,0.05188
12/17/2001,24.26,0.05186
12/18/2001,23.29,0.05121
12/19/2001,22.58,0.05047
12/20/2001,23.67,0.0503
12/21/2001,22.5,0.05084
12/24/2001,22.62,0.05136
12/25/2001,22.62,0.05136
12/26/2001,22.29,0.05199
12/27/2001,21.59,0.05065
12/28/2001,21.4,0.05113
12/31/2001,23.8,0.05051
1/1/2002,23.8,0.05032
1/2/2002,22.71,0.0516
1/3/2002,21.34,0.05111
1/4/2002,20.45,0.05128
1/7/2002,21.94,0.05049
1/8/2002,21.83,0.0508
1/9/2002,22.13,0.05051
1/10/2002,22.36,0.04979
1/11/2002,22.6,0.04866
1/14/2002,23.58,0.04876
1/15/2002,22.7,0.04835
1/16/2002,23.45,0.04839
1/17/2002,22.25,0.04925
1/18/2002,22.52,0.04894
1/21/2002,22.52,0.04892
1/22/2002,23.61,0.04919
1/23/2002,21.88,0.05029
1/24/2002,21.15,0.05008
1/25/2002,21.01,0.05071
1/28/2002,21.14,0.05073
1/29/2002,24.35,0.04942
1/30/2002,23.22,0.05014
1/31/2002,21.09,0.05033
2/1/2002,21.12,0.04985
2/4/2002,24.87,0.04902
2/5/2002,25.45,0.04894
2/6/2002,26.09,0.04923
2/7/2002,25.11,0.04939
2/8/2002,23.26,0.04879
2/11/2002,21.78,0.04907
2/12/2002,21.62,0.04975
2/13/2002,20.85,0.04987
2/14/2002,21.77,0.04945
2/15/2002,22.37,0.04875
2/18/2002,22.37,0.04863
2/19/2002,24.43,0.04873
2/20/2002,22.66,0.04889
2/21/2002,23.8,0.04853
2/22/2002,22.86,0.04831
2/25/2002,21.84,0.04849
2/26/2002,21.68,0.04927
2/27/2002,21.49,0.04833
2/28/2002,21.59,0.04877
3/1/2002,19.96,0.04981
3/4/2002,20.5,0.04999
3/5/2002,20.3,0.05001
3/6/2002,19.94,0.05052
3/7/2002,20.04,0.05227
3/8/2002,19.27,0.05325
3/11/2002,19.84,0.05323
3/12/2002,19.59,0.0531
3/13/2002,19.46,0.05279
3/14/2002,19.2,0.05409
3/15/2002,18.42,0.05327
3/18/2002,18.93,0.053
3/19/2002,18.16,0.05286
3/20/2002,18.46,0.05406
3/21/2002,18.15,0.05365
3/22/2002,17.77,0.05404
3/25/2002,18.48,0.05408
3/26/2002,18.13,0.05343
3/27/2002,17.7,0.05341
3/28/2002,17.4,0.054
3/29/2002,17.4,0.05396
4/1/2002,18.73,0.05425
4/2/2002,19.16,0.05341
4/3/2002,20.2,0.05278
4/4/2002,19.78,0.05258
4/5/2002,19.13,0.05206
4/8/2002,19.61,0.05262
4/9/2002,19.47,0.05202
4/10/2002,18.19,0.05233
4/11/2002,20.3,0.05206
4/12/2002,19.42,0.05156
4/15/2002,19.82,0.05138
4/16/2002,18.11,0.05192
4/17/2002,18.43,0.05233
4/18/2002,19.29,0.05198
4/19/2002,18.3,0.05198
4/22/2002,19.77,0.05178
4/23/2002,20.28,0.05163
4/24/2002,20.77,0.05113
4/25/2002,20.95,0.05095
4/26/2002,22.14,0.05056
4/29/2002,24.05,0.05122
4/30/2002,21.91,0.05087
5/1/2002,20.06,0.0506
5/2/2002,20.07,0.05095
5/3/2002,20.19,0.05056
5/6/2002,22.56,0.05066
5/7/2002,21.94,0.05056
5/8/2002,20.39,0.05218
5/9/2002,21.56,0.05164
5/10/2002,22.41,0.05118
5/13/2002,20.72,0.05223
5/14/2002,19.35,0.05278
5/15/2002,19.19,0.05246
5/16/2002,18.5,0.05169
5/17/2002,17.7,0.05253
5/20/2002,19.24,0.052
5/21/2002,20.05,0.0515
5/22/2002,19.58,0.05115
5/23/2002,18.23,0.0515
5/24/2002,18.9,0.05145
5/27/2002,18.9,0.05138
5/28/2002,20.31,0.0513
5/29/2002,20.39,0.05063
5/30/2002,20.61,0.05022
5/31/2002,19.98,0.05045
6/3/2002,23.37,0.04999
6/4/2002,23.89,0.05028
6/5/2002,22.61,0.05049
6/6/2002,24.16,0.04977
6/7/2002,23.51,0.05068
6/10/2002,23.72,0.05028
6/11/2002,24.45,0.04975
6/12/2002,24.15,0.04964
6/13/2002,25.02,0.04901
6/14/2002,25.96,0.04799
6/17/2002,24.64,0.04846
6/18/2002,24.24,0.04835
6/19/2002,26.06,0.04728
6/20/2002,27.48,0.04791
6/21/2002,27.23,0.04768
6/24/2002,26.98,0.04829
6/25/2002,27.84,0.04819
6/26/2002,28.42,0.04744
6/27/2002,26.29,0.04823
6/28/2002,25.4,0.04799
7/1/2002,27.11,0.04782
7/2/2002,28.96,0.04727
7/3/2002,29.42,0.04766
7/4/2002,29.42,0.04764
7/5/2002,27.11,0.04856
7/8/2002,28.25,0.04796
7/9/2002,30.22,0.04727
7/10/2002,34.1,0.04614
7/11/2002,33.85,0.04638
7/12/2002,32.94,0.04574
7/15/2002,35.03,0.04628
7/16/2002,36.65,0.04682
7/17/2002,35.45,0.04684
7/18/2002,35.12,0.04608
7/19/2002,38.17,0.04521
7/22/2002,41.87,0.04446
7/23/2002,44.92,0.04408
7/24/2002,39.86,0.04487
7/25/2002,39.27,0.04382
7/26/2002,35.51,0.04384
7/29/2002,31.33,0.04563
7/30/2002,31.92,0.04587
7/31/2002,32.03,0.04461
8/1/2002,36.95,0.04391
8/2/2002,41.29,0.04292
8/5/2002,45.08,0.0421
8/6/2002,42.03,0.04333
8/7/2002,38.73,0.04306
8/8/2002,36.33,0.04396
8/9/2002,35.33,0.04257
8/12/2002,37.05,0.04217
8/13/2002,35.82,0.04087
8/14/2002,32.36,0.04121
8/15/2002,29.43,0.04182
8/16/2002,28.81,0.04326
8/19/2002,28.61,0.04286
8/20/2002,29.59,0.04149
8/21/2002,28.23,0.04201
8/22/2002,27.75,0.04319
8/23/2002,29.32,0.04235
8/26/2002,29.89,0.04226
8/27/2002,30.11,0.04283
8/28/2002,33.32,0.04214
8/29/2002,33.67,0.04139
8/30/2002,32.64,0.04143
9/2/2002,32.64,0.04135
9/3/2002,39.97,0.03965
9/4/2002,37.44,0.03963
9/5/2002,38.86,0.03927
9/6/2002,36.33,0.04013
9/9/2002,36.45,0.0406
9/10/2002,35.08,0.03996
9/11/2002,34.81,0.0406
9/12/2002,37.5,0.03962
9/13/2002,35.82,0.03907
9/16/2002,36.74,0.03914
9/17/2002,38.01,0.03819
9/18/2002,37.52,0.03843
9/19/2002,40.65,0.03778
9/20/2002,38.98,0.03787
9/23/2002,39.68,0.03696
9/24/2002,40.52,0.03646
9/25/2002,37.33,0.03749
9/26/2002,34.6,0.03766
9/27/2002,36.97,0.0366
9/30/2002,39.69,0.03596
10/1/2002,34.12,0.03717
10/2/2002,36.83,0.03669
10/3/2002,37.31,0.03685
10/4/2002,39.46,0.03666
10/7/2002,42.64,0.03615
10/8/2002,41.02,0.03635
10/9/2002,42.13,0.03569
10/10/2002,37.55,0.03658
10/11/2002,35.7,0.0378
10/14/2002,36.04,0.03787
10/15/2002,34.02,0.03995
10/16/2002,36,0.0405
10/17/2002,34.1,0.04202
10/18/2002,33.53,0.04107
10/21/2002,33.11,0.04253
10/22/2002,34.09,0.0426
10/23/2002,33.2,0.04233
10/24/2002,34.03,0.04117
10/25/2002,30,0.04093
10/28/2002,31.07,0.04087
10/29/2002,32.27,0.0394
10/30/2002,31.23,0.03963
10/31/2002,31.14,0.03894
11/1/2002,29.3,0.04006
11/4/2002,30.82,0.04045
11/5/2002,31.23,0.04072
11/6/2002,30.73,0.04035
11/7/2002,31.42,0.03894
11/8/2002,29.41,0.03858
11/11/2002,31.3,0.03841
11/12/2002,30.58,0.0385
11/13/2002,31.24,0.03841
11/14/2002,28.67,0.04057
11/15/2002,26.65,0.04031
11/18/2002,27.66,0.03998
11/19/2002,27.41,0.03979
11/20/2002,25.32,0.04059
11/21/2002,23.81,0.04154
11/22/2002,23.16,0.0418
11/25/2002,24.07,0.04176
11/26/2002,25.97,0.04067
11/27/2002,27.25,0.0426
11/28/2002,27.25,0.04252
11/29/2002,27.5,0.04207
12/2/2002,27.46,0.04231
12/3/2002,28.33,0.04203
12/4/2002,28.92,0.04153
12/5/2002,30.1,0.04139
12/6/2002,28.88,0.04085
12/9/2002,30.78,0.04036
12/10/2002,28.76,0.04048
12/11/2002,27.76,0.04025
12/12/2002,27.29,0.04025
12/13/2002,28.18,0.04069
12/16/2002,26.24,0.04161
12/17/2002,26.66,0.04126
12/18/2002,28.29,0.04036
12/19/2002,30.21,0.0394
12/20/2002,26.71,0.03959
12/23/2002,26.2,0.03973
12/24/2002,26.49,0.03936
12/25/2002,26.49,0.03934
12/26/2002,27.37,0.03904
12/27/2002,29.55,0.0381
12/30/2002,29.62,0.03797
12/31/2002,28.62,0.03816
1/1/2003,28.62,0.03819
1/2/2003,25.39,0.04032
1/3/2003,24.68,0.04019
1/6/2003,24.91,0.04054
1/7/2003,25.13,0.04007
1/8/2003,25.53,0.04019
1/9/2003,24.25,0.04181
1/10/2003,24.32,0.04134
1/13/2003,24.9,0.04122
1/14/2003,24.57,0.04079
1/15/2003,25.51,0.04062
1/16/2003,25.01,0.04079
1/17/2003,25.7,0.04011
1/20/2003,25.7,0.04017
1/21/2003,27.59,0.03972
1/22/2003,29.01,0.03916
1/23/2003,27.53,0.03937
1/24/2003,31.51,0.0393
1/27/2003,34.69,0.03964
1/28/2003,31.93,0.0397
1/29/2003,31.26,0.04023
1/30/2003,31.32,0.03963
1/31/2003,31.17,0.03964
2/3/2003,31.02,0.03994
2/4/2003,32.76,0.03924
2/5/2003,33.04,0.03997
2/6/2003,33.35,0.03947
2/7/2003,34.01,0.03931
2/10/2003,33.99,0.03966
2/11/2003,33.68,0.03959
2/12/2003,34.33,0.0391
2/13/2003,33.7,0.03879
2/14/2003,32.62,0.03995
2/17/2003,32.62,0.03964
2/18/2003,31.11,0.03951
2/19/2003,31.31,0.03884
2/20/2003,31.16,0.03869
2/21/2003,30.25,0.0389
2/24/2003,31.98,0.03846
2/25/2003,31.74,0.03822
2/26/2003,31.94,0.03767
2/27/2003,30.53,0.03739
2/28/2003,29.63,0.03692
3/3/2003,30.43,0.03675
3/4/2003,31.83,0.03648
3/5/2003,30.38,0.0363
3/6/2003,31.37,0.03658
3/7/2003,31.08,0.03643
3/10/2003,33.31,0.03562
3/11/2003,33.61,0.03583
3/12/2003,33.51,0.03583
3/13/2003,31.76,0.03747
3/14/2003,30.98,0.03702
3/17/2003,31.75,0.0384
3/18/2003,30.43,0.03907
3/19/2003,31.54,0.03986
3/20/2003,30.44,0.03955
3/21/2003,28.67,0.04105
3/24/2003,30.39,0.03967
3/25/2003,28.75,0.03944
3/26/2003,28.23,0.0393
3/27/2003,27.96,0.03925
3/28/2003,27.75,0.039
3/31/2003,29.15,0.03798
4/1/2003,28.36,0.03811
4/2/2003,28.02,0.0393
4/3/2003,28.21,0.03911
4/4/2003,29.13,0.03954
4/7/2003,28.45,0.03979
4/8/2003,27.13,0.03934
4/9/2003,27.11,0.03898
4/10/2003,25.6,0.03944
4/11/2003,24.44,0.03973
4/14/2003,23.41,0.04016
4/15/2003,22.56,0.03987
4/16/2003,22.52,0.0394
4/17/2003,21.5,0.03958
4/18/2003,21.5,0.03958
4/21/2003,21.95,0.03983
4/22/2003,20.7,0.03966
4/23/2003,20.8,0.03977
4/24/2003,20.33,0.03921
4/25/2003,20.8,0.0389
4/28/2003,20.84,0.03903
4/29/2003,20.76,0.03929
4/30/2003,21.21,0.03838
5/1/2003,21.59,0.03842
5/2/2003,20.63,0.03925
5/5/2003,21.13,0.03886
5/6/2003,20.8,0.03786
5/7/2003,21,0.03677
5/8/2003,21.24,0.03683
5/9/2003,19.69,0.03681
5/12/2003,19.52,0.03644
5/13/2003,19.91,0.03604
5/14/2003,20,0.03522
5/15/2003,19.24,0.03532
5/16/2003,18.4,0.0342
5/19/2003,20.51,0.03487
5/20/2003,21.29,0.03356
5/21/2003,21.21,0.03398
5/22/2003,19.78,0.03316
5/23/2003,19.17,0.03337
5/26/2003,19.17,0.03334
5/27/2003,19.99,0.03412
5/28/2003,20.03,0.03425
5/29/2003,20.43,0.03337
5/30/2003,19.47,0.03372
6/2/2003,20.85,0.0341
6/3/2003,20.84,0.03331
6/4/2003,20.62,0.03295
6/5/2003,20.83,0.03344
6/6/2003,21.25,0.03353
6/9/2003,22.15,0.03278
6/10/2003,20.64,0.03192
6/11/2003,20.21,0.03212
6/12/2003,20.41,0.03165
6/13/2003,20.66,0.03114
6/16/2003,20.22,0.03173
6/17/2003,20.01,0.03262
6/18/2003,19.76,0.03363
6/19/2003,19.8,0.03339
6/20/2003,19.14,0.03367
6/23/2003,20.58,0.03313
6/24/2003,20.75,0.03251
6/25/2003,20.81,0.03405
6/26/2003,19.4,0.03543
6/27/2003,19.16,0.03543
6/30/2003,19.52,0.03515
7/1/2003,19.46,0.03549
7/2/2003,19.03,0.03538
7/3/2003,19.39,0.03663
7/4/2003,19.39,0.03649
7/7/2003,20.06,0.03733
7/8/2003,19.48,0.03716
7/9/2003,18.93,0.03682
7/10/2003,19.19,0.03657
7/11/2003,18.47,0.03628
7/14/2003,19.59,0.03726
7/15/2003,19.55,0.03983
7/16/2003,19.76,0.0392
7/17/2003,20.22,0.03922
7/18/2003,19.11,0.04001
7/21/2003,19.78,0.04212
7/22/2003,19.17,0.04124
7/23/2003,18.64,0.0411
7/24/2003,18.6,0.04167
7/25/2003,17.75,0.04177
7/28/2003,18.36,0.04282
7/29/2003,18.67,0.0444
7/30/2003,18.85,0.04309
7/31/2003,19.49,0.04408
8/1/2003,20.75,0.04385
8/4/2003,21.27,0.04285
8/5/2003,22.68,0.04392
8/6/2003,21.5,0.04269
8/7/2003,20.26,0.04219
8/8/2003,19.59,0.04271
8/11/2003,19.75,0.04355
8/12/2003,17.94,0.04428
8/13/2003,18.77,0.04562
8/14/2003,18.47,0.04491
8/15/2003,18.27,0.0453
8/18/2003,18.18,0.04459
8/19/2003,17.86,0.04363
8/20/2003,17.82,0.04438
8/21/2003,17.84,0.04477
8/22/2003,18.55,0.04475
8/25/2003,19.53,0.04527
8/26/2003,19.49,0.04475
8/27/2003,19.13,0.04537
8/28/2003,18.48,0.04416
8/29/2003,18.63,0.04466
9/1/2003,18.63,0.0446
9/2/2003,19.02,0.04601
9/3/2003,19.44,0.04595
9/4/2003,18.71,0.04505
9/5/2003,18.17,0.04349
9/8/2003,18.26,0.04428
9/9/2003,18.85,0.04357
9/10/2003,20.01,0.04273
9/11/2003,19.25,0.04316
9/12/2003,18.68,0.04254
9/15/2003,19.28,0.04269
9/16/2003,18.03,0.04277
9/17/2003,18.15,0.0418
9/18/2003,17.57,0.04164
9/19/2003,17.54,0.04162
9/22/2003,19.65,0.04218
9/23/2003,19.47,0.04207
9/24/2003,21.22,0.04135
9/25/2003,22.26,0.04083
9/26/2003,22.23,0.04002
9/29/2003,21.67,0.04077
9/30/2003,22.72,0.03939
10/1/2003,21.07,0.03934
10/2/2003,20.8,0.03995
10/3/2003,19.5,0.04201
10/6/2003,19.51,0.04171
10/7/2003,19.41,0.04259
10/8/2003,19.18,0.04238
10/9/2003,18.82,0.04293
10/10/2003,18.45,0.04271
10/13/2003,17.55,0.04253
10/14/2003,17.37,0.04346
10/15/2003,17.69,0.04399
10/16/2003,17.19,0.04461
10/17/2003,17.62,0.0439
10/20/2003,17.04,0.04384
10/21/2003,16.55,0.04344
10/22/2003,17.67,0.04253
10/23/2003,17.68,0.04318
10/24/2003,17.71,0.04232
10/27/2003,18.05,0.04261
10/28/2003,16.82,0.04179
10/29/2003,16.43,0.04297
10/30/2003,16.33,0.04344
10/31/2003,16.1,0.04295
11/3/2003,16.55,0.04342
11/4/2003,16.55,0.04297
11/5/2003,16.86,0.04354
11/6/2003,16.74,0.0441
11/7/2003,16.93,0.0444
11/10/2003,17.62,0.04448
11/11/2003,17.54,0.04448
11/12/2003,16.75,0.044
11/13/2003,16.47,0.04271
11/14/2003,16.94,0.04219
11/17/2003,18.6,0.04196
11/18/2003,19.11,0.04144
11/19/2003,18.8,0.04238
11/20/2003,19.48,0.04154
11/21/2003,18.98,0.04161
11/24/2003,17.44,0.0423
11/25/2003,16.71,0.04186
11/26/2003,16.23,0.04248
11/27/2003,16.23,0.04248
11/28/2003,16.32,0.04334
12/1/2003,16.77,0.04387
12/2/2003,16.27,0.04381
12/3/2003,16.63,0.04404
12/4/2003,16.3,0.04367
12/5/2003,17.09,0.04232
12/8/2003,16.54,0.04269
12/9/2003,17.63,0.04353
12/10/2003,17.87,0.04318
12/11/2003,16.73,0.04232
12/12/2003,16.41,0.0424
12/15/2003,17.23,0.04258
12/16/2003,15.93,0.04215
12/17/2003,15.58,0.04184
12/18/2003,16.16,0.04128
12/19/2003,16.42,0.04135
12/22/2003,16.94,0.0417
12/23/2003,16.49,0.04261
12/24/2003,16.66,0.04185
12/25/2003,16.66,0.04185
12/26/2003,17.45,0.04152
12/29/2003,17.09,0.04244
12/30/2003,17.68,0.04259
12/31/2003,18.31,0.04248
1/1/2004,18.31,0.04247
1/2/2004,18.22,0.04381
1/5/2004,17.49,0.04379
1/6/2004,16.73,0.04273
1/7/2004,15.5,0.04244
1/8/2004,15.61,0.04257
1/9/2004,16.75,0.04082
1/12/2004,16.82,0.04088
1/13/2004,18.04,0.04013
1/14/2004,16.75,0.03996
1/15/2004,15.56,0.03971
1/16/2004,15,0.04032
1/19/2004,15,0.04032
1/20/2004,15.21,0.04057
1/21/2004,14.34,0.0402
1/22/2004,14.71,0.03955
1/23/2004,14.84,0.04074
1/26/2004,14.55,0.04132
1/27/2004,15.35,0.04076
1/28/2004,16.78,0.0419
1/29/2004,17.14,0.04175
1/30/2004,16.63,0.04134
2/2/2004,17.11,0.04147
2/3/2004,17.34,0.04099
2/4/2004,17.87,0.04114
2/5/2004,17.71,0.04169
2/6/2004,16,0.04079
2/9/2004,16.39,0.04054
2/10/2004,15.94,0.04114
2/11/2004,15.39,0.04033
2/12/2004,15.31,0.04046
2/13/2004,15.58,0.04042
2/16/2004,15.58,0.04042
2/17/2004,15.4,0.0404
2/18/2004,15.59,0.0405
2/19/2004,15.8,0.04033
2/20/2004,16.04,0.04098
2/23/2004,16.29,0.04038
2/24/2004,15.9,0.04025
2/25/2004,14.93,0.04009
2/26/2004,14.83,0.04036
2/27/2004,14.55,0.03973
3/1/2004,14.44,0.03975
3/2/2004,14.86,0.04044
3/3/2004,14.55,0.04052
3/4/2004,14.4,0.04017
3/5/2004,14.48,0.03851
3/8/2004,15.79,0.0377
3/9/2004,16.6,0.03723
3/10/2004,18.67,0.0373
3/11/2004,20.67,0.037
3/12/2004,18.3,0.03779
3/15/2004,21.13,0.03764
3/16/2004,20.34,0.03681
3/17/2004,18.11,0.03713
3/18/2004,18.53,0.03756
3/19/2004,19.15,0.03773
3/22/2004,21.58,0.03715
3/23/2004,20.67,0.03692
3/24/2004,19.81,0.03709
3/25/2004,17.88,0.03739
3/26/2004,17.33,0.03831
3/29/2004,16.5,0.0389
3/30/2004,16.28,0.03896
3/31/2004,16.74,0.03837
4/1/2004,16.65,0.0388
4/2/2004,15.64,0.04145
4/5/2004,14.97,0.04208
4/6/2004,15.32,0.04149
4/7/2004,15.76,0.04159
4/8/2004,16.26,0.04193
4/9/2004,16.26,0.04193
4/12/2004,15.28,0.0423
4/13/2004,17.26,0.04354
4/14/2004,15.62,0.04366
4/15/2004,15.74,0.04402
4/16/2004,14.94,0.0434
4/19/2004,15.42,0.04387
4/20/2004,16.67,0.04459
4/21/2004,15.6,0.04425
4/22/2004,14.61,0.04383
4/23/2004,14.01,0.0446
4/26/2004,14.77,0.04436
4/27/2004,15.07,0.04385
4/28/2004,16.29,0.04499
4/29/2004,16.6,0.04538
4/30/2004,17.19,0.04507
5/3/2004,16.62,0.04501
5/4/2004,16.55,0.04567
5/5/2004,15.77,0.04581
5/6/2004,17.05,0.046
5/7/2004,18.13,0.04773
5/10/2004,19.77,0.04794
5/11/2004,18.57,0.04748
5/12/2004,18.14,0.04807
5/13/2004,18.86,0.04854
5/14/2004,18.47,0.0477
5/17/2004,19.96,0.04691
5/18/2004,19.33,0.04736
5/19/2004,18.93,0.04774
5/20/2004,18.67,0.04702
5/21/2004,18.49,0.04758
5/24/2004,18.08,0.04734
5/25/2004,15.96,0.04722
5/26/2004,15.97,0.04657
5/27/2004,15.28,0.04602
5/28/2004,15.5,0.04649
5/31/2004,15.5,0.04649
6/1/2004,16.3,0.04702
6/2/2004,16.08,0.0474
6/3/2004,17.03,0.04712
6/4/2004,16.78,0.04774
6/7/2004,15.39,0.04762
6/8/2004,15.01,0.04764
6/9/2004,15.39,0.04807
6/10/2004,15.04,0.04795
6/11/2004,15.04,0.04801
6/14/2004,16.07,0.04872
6/15/2004,15.05,0.04678
6/16/2004,14.79,0.04724
6/17/2004,15.15,0.0468
6/18/2004,14.99,0.04712
6/21/2004,15.26,0.04686
6/22/2004,14.31,0.04719
6/23/2004,13.98,0.04698
6/24/2004,14.81,0.04646
6/25/2004,15.19,0.04648
6/28/2004,16.07,0.04737
6/29/2004,15.47,0.04688
6/30/2004,14.34,0.04583
7/1/2004,15.2,0.04565
7/2/2004,15.08,0.04461
7/5/2004,15.08,0.04457
7/6/2004,16.25,0.04476
7/7/2004,15.81,0.04476
7/8/2004,16.2,0.04472
7/9/2004,15.78,0.04458
7/12/2004,14.96,0.04447
7/13/2004,14.46,0.04472
7/14/2004,13.76,0.04482
7/15/2004,14.71,0.04482
7/16/2004,14.34,0.04351
7/19/2004,15.17,0.04353
7/20/2004,14.17,0.04446
7/21/2004,16.41,0.04468
7/22/2004,15.75,0.04446
7/23/2004,16.5,0.04432
7/26/2004,17.3,0.04487
7/27/2004,16.55,0.04615
7/28/2004,16.15,0.04585
7/29/2004,15.68,0.04577
7/30/2004,15.32,0.04477
8/2/2004,15.37,0.04451
8/3/2004,16.03,0.04426
8/4/2004,16.21,0.0442
8/5/2004,18.32,0.04402
8/6/2004,19.34,0.04222
8/9/2004,18.89,0.04258
8/10/2004,17.47,0.04291
8/11/2004,18.04,0.04273
8/12/2004,19.08,0.04256
8/13/2004,17.98,0.04229
8/16/2004,17.57,0.04264
8/17/2004,17.02,0.04192
8/18/2004,16.23,0.04238
8/19/2004,16.96,0.04215
8/20/2004,16,0.04234
8/23/2004,15.88,0.04285
8/24/2004,15.33,0.04273
8/25/2004,14.98,0.04263
8/26/2004,14.91,0.04211
8/27/2004,14.71,0.04228
8/30/2004,15.44,0.04178
8/31/2004,15.29,0.04119
9/1/2004,14.91,0.04115
9/2/2004,14.28,0.04215
9/3/2004,13.91,0.04296
9/6/2004,13.91,0.04293
9/7/2004,14.07,0.0424
9/8/2004,14.06,0.04161
9/9/2004,14.01,0.04197
9/10/2004,13.76,0.04188
9/13/2004,13.17,0.04137
9/14/2004,13.56,0.04126
9/15/2004,14.64,0.04166
9/16/2004,14.39,0.04074
9/17/2004,14.03,0.04108
9/20/2004,14.43,0.04058
9/21/2004,13.66,0.04037
9/22/2004,14.74,0.0398
9/23/2004,14.8,0.04018
9/24/2004,14.28,0.04029
9/27/2004,14.62,0.03991
9/28/2004,13.83,0.04004
9/29/2004,13.21,0.04089
9/30/2004,13.34,0.04121
10/1/2004,12.75,0.04189
10/4/2004,13.41,0.04166
10/5/2004,13.95,0.04174
10/6/2004,13.28,0.04222
10/7/2004,14.5,0.04244
10/8/2004,15.05,0.04131
10/11/2004,14.71,0.04132
10/12/2004,15.05,0.041
10/13/2004,15.42,0.04057
10/14/2004,16.43,0.04026
10/15/2004,15.04,0.04055
10/18/2004,14.71,0.04043
10/19/2004,15.13,0.04034
10/20/2004,14.85,0.03982
10/21/2004,14.54,0.03997
10/22/2004,15.28,0.03976
10/25/2004,16.58,0.03972
10/26/2004,16.39,0.04001
10/27/2004,15.72,0.04084
10/28/2004,15.39,0.04051
10/29/2004,16.27,0.04025
11/1/2004,16.27,0.04072
11/2/2004,16.18,0.04048
11/3/2004,14.04,0.04076
11/4/2004,13.97,0.04074
11/5/2004,13.84,0.04175
11/8/2004,13.8,0.04218
11/9/2004,13.61,0.04228
11/10/2004,13.08,0.04241
11/11/2004,13.04,0.04254
11/12/2004,13.33,0.04181
11/15/2004,13.38,0.04188
11/16/2004,13.21,0.04207
11/17/2004,13.21,0.04131
11/18/2004,12.98,0.04115
11/19/2004,13.5,0.04205
11/22/2004,12.97,0.0418
11/23/2004,12.67,0.04184
11/24/2004,12.72,0.042
11/25/2004,12.72,0.04196
11/26/2004,12.78,0.04248
11/29/2004,13.3,0.0432
11/30/2004,13.24,0.04351
12/1/2004,12.97,0.04367
12/2/2004,12.98,0.04408
12/3/2004,12.96,0.04252
12/6/2004,13.19,0.04223
12/7/2004,13.67,0.04223
12/8/2004,13.19,0.0412
12/9/2004,12.88,0.04168
12/10/2004,12.76,0.04151
12/13/2004,12.54,0.04149
12/14/2004,12.73,0.04124
12/15/2004,12.35,0.04076
12/16/2004,12.27,0.04186
12/17/2004,11.95,0.04201
12/20/2004,11.83,0.04185
12/21/2004,11.55,0.04164
12/22/2004,11.45,0.04195
12/23/2004,11.23,0.04226
12/24/2004,11.23,0.04216
12/27/2004,12.14,0.04298
12/28/2004,12,0.04293
12/29/2004,11.62,0.04324
12/30/2004,12.56,0.04255
12/31/2004,13.29,0.0422
1/3/2005,14.08,0.04212
1/4/2005,13.98,0.04291
1/5/2005,14.09,0.04283
1/6/2005,13.58,0.04263
1/7/2005,13.49,0.04271
1/10/2005,13.23,0.04271
1/11/2005,13.19,0.04238
1/12/2005,12.56,0.04236
1/13/2005,12.84,0.04165
1/14/2005,12.43,0.04226
1/17/2005,12.43,0.0421
1/18/2005,12.47,0.04187
1/19/2005,13.18,0.04173
1/20/2005,13.83,0.04163
1/21/2005,14.36,0.04142
1/24/2005,14.65,0.04122
1/25/2005,14.06,0.04194
1/26/2005,13.44,0.04198
1/27/2005,13.24,0.0422
1/28/2005,13.24,0.04142
1/31/2005,12.82,0.0413
2/1/2005,12.03,0.0414
2/2/2005,11.66,0.04142
2/3/2005,11.79,0.04165
2/4/2005,11.21,0.04077
2/7/2005,11.73,0.04052
2/8/2005,11.6,0.04017
2/9/2005,12,0.03992
2/10/2005,11.51,0.04091
2/11/2005,11.43,0.04086
2/14/2005,11.52,0.04071
2/15/2005,11.27,0.04098
2/16/2005,11.1,0.04154
2/17/2005,11.77,0.04181
2/18/2005,11.18,0.04267
2/21/2005,11.18,0.04264
2/22/2005,13.14,0.04287
2/23/2005,12.39,0.04264
2/24/2005,11.57,0.04285
2/25/2005,11.49,0.04266
2/28/2005,12.08,0.04379
3/1/2005,12.04,0.04367
3/2/2005,12.5,0.04379
3/3/2005,12.93,0.04379
3/4/2005,11.94,0.0431
3/7/2005,12.26,0.0431
3/8/2005,12.4,0.04393
3/9/2005,12.7,0.04522
3/10/2005,12.49,0.04465
3/11/2005,12.8,0.04544
3/14/2005,12.39,0.0451
3/15/2005,13.15,0.04547
3/16/2005,13.49,0.04508
3/17/2005,13.29,0.04466
3/18/2005,13.14,0.04509
3/21/2005,13.61,0.04525
3/22/2005,14.27,0.04643
3/23/2005,14.06,0.04586
3/24/2005,13.42,0.04599
3/25/2005,13.42,0.04595
3/28/2005,13.75,0.04642
3/29/2005,14.49,0.04575
3/30/2005,13.64,0.04548
3/31/2005,14.02,0.04483
4/1/2005,14.09,0.04449
4/4/2005,14.11,0.04458
4/5/2005,13.68,0.0447
4/6/2005,13.15,0.04424
4/7/2005,12.33,0.04482
4/8/2005,12.62,0.0447
4/11/2005,11.98,0.0443
4/12/2005,11.3,0.04354
4/13/2005,13.31,0.04362
4/14/2005,14.53,0.0431
4/15/2005,17.74,0.04243
4/18/2005,16.56,0.04272
4/19/2005,14.96,0.04213
4/20/2005,16.92,0.04187
4/21/2005,14.41,0.04296
4/22/2005,15.38,0.04247
4/25/2005,14.62,0.04249
4/26/2005,14.91,0.04267
4/27/2005,14.87,0.04225
4/28/2005,16.86,0.04146
4/29/2005,15.31,0.042
5/2/2005,15.12,0.04188
5/3/2005,14.53,0.04166
5/4/2005,13.85,0.04188
5/5/2005,13.98,0.04156
5/6/2005,14.05,0.0426
5/9/2005,13.75,0.04284
5/10/2005,14.91,0.04202
5/11/2005,14.45,0.04204
5/12/2005,16.12,0.04172
5/13/2005,16.32,0.04119
5/16/2005,15.68,0.04129
5/17/2005,14.57,0.04115
5/18/2005,13.63,0.0409
5/19/2005,13.32,0.04113
5/20/2005,13.14,0.04123
5/23/2005,12.95,0.04056
5/24/2005,12.69,0.04029
5/25/2005,12.58,0.04088
5/26/2005,12.24,0.04081
5/27/2005,12.15,0.04073
5/30/2005,12.15,0.04071
5/31/2005,13.29,0.03983
6/1/2005,12.36,0.03886
6/2/2005,11.84,0.03905
6/3/2005,12.15,0.03975
6/6/2005,12.28,0.03954
6/7/2005,12.39,0.03903
6/8/2005,12.7,0.03935
6/9/2005,12.08,0.0395
6/10/2005,11.96,0.04053
6/13/2005,11.65,0.04094
6/14/2005,11.79,0.04109
6/15/2005,11.46,0.04101
6/16/2005,11.15,0.04069
6/17/2005,11.48,0.04072
6/20/2005,11.47,0.04111
6/21/2005,11.08,0.04042
6/22/2005,11.05,0.03942
6/23/2005,12.13,0.03953
6/24/2005,12.18,0.03919
6/27/2005,12.52,0.03904
6/28/2005,11.58,0.03972
6/29/2005,11.77,0.0398
6/30/2005,12.04,0.03915
7/1/2005,11.4,0.04051
7/4/2005,11.4,0.04039
7/5/2005,11.68,0.04107
7/6/2005,12.27,0.0407
7/7/2005,12.49,0.04062
7/8/2005,11.45,0.04093
7/11/2005,11.28,0.04095
7/12/2005,10.95,0.04144
7/13/2005,10.84,0.04158
7/14/2005,10.81,0.04175
7/15/2005,10.33,0.04165
7/18/2005,10.77,0.04222
7/19/2005,10.45,0.04181
7/20/2005,10.23,0.0416
7/21/2005,10.97,0.04278
7/22/2005,10.52,0.04221
7/25/2005,11.1,0.04246
7/26/2005,10.99,0.04226
7/27/2005,10.36,0.04256
7/28/2005,10.52,0.04191
7/29/2005,11.57,0.04278
8/1/2005,12.08,0.04312
8/2/2005,11.75,0.04336
8/3/2005,11.83,0.04294
8/4/2005,12.52,0.04314
8/5/2005,12.48,0.04388
8/8/2005,13.21,0.0442
8/9/2005,12.4,0.0439
8/10/2005,12.38,0.04392
8/11/2005,12.42,0.04322
8/12/2005,12.74,0.04244
8/15/2005,12.26,0.04283
8/16/2005,13.52,0.04207
8/17/2005,13.3,0.04269
8/18/2005,13.42,0.042
8/19/2005,13.42,0.04207
8/22/2005,13.42,0.04209
8/23/2005,13.34,0.0418
8/24/2005,14.17,0.04167
8/25/2005,13.73,0.04157
8/26/2005,13.72,0.04188
8/29/2005,13.52,0.04169
8/30/2005,13.65,0.04092
8/31/2005,12.6,0.04016
9/1/2005,13.15,0.04033
9/2/2005,13.57,0.04038
9/5/2005,13.57,0.0403
9/6/2005,12.93,0.04097
9/7/2005,12.52,0.04139
9/8/2005,12.93,0.04147
9/9/2005,11.98,0.0412
9/12/2005,11.65,0.04172
9/13/2005,12.39,0.04128
9/14/2005,12.91,0.04166
9/15/2005,12.49,0.04213
9/16/2005,11.22,0.04273
9/19/2005,12.14,0.04248
9/20/2005,12.64,0.04244
9/21/2005,13.79,0.04168
9/22/2005,13.33,0.04181
9/23/2005,12.96,0.04248
9/26/2005,13.04,0.04293
9/27/2005,12.76,0.04283
9/28/2005,12.63,0.04255
9/29/2005,12.24,0.04296
9/30/2005,11.92,0.04326
10/3/2005,12.46,0.04385
10/4/2005,13.2,0.04369
10/5/2005,14.55,0.04342
10/6/2005,14.96,0.04389
10/7/2005,14.59,0.04374
10/10/2005,15.55,0.04358
10/11/2005,15.63,0.04393
10/12/2005,16.22,0.04441
10/13/2005,16.47,0.04463
10/14/2005,14.87,0.04481
10/17/2005,14.67,0.04495
10/18/2005,15.33,0.04471
10/19/2005,13.5,0.04461
10/20/2005,16.11,0.04431
10/21/2005,16.13,0.04386
10/24/2005,14.74,0.04446
10/25/2005,14.53,0.04536
10/26/2005,14.59,0.04585
10/27/2005,16.02,0.04548
10/28/2005,14.25,0.04567
10/31/2005,15.32,0.04553
11/1/2005,14.85,0.04565
11/2/2005,13.48,0.04606
11/3/2005,13,0.04649
11/4/2005,13.17,0.04661
11/7/2005,13.1,0.04624
11/8/2005,13.08,0.04553
11/9/2005,12.8,0.04641
11/10/2005,11.9,0.04556
11/11/2005,11.63,0.04567
11/14/2005,12.18,0.04606
11/15/2005,12.23,0.04559
11/16/2005,12.26,0.04473
11/17/2005,11.25,0.04459
11/18/2005,11.12,0.0449
11/21/2005,10.82,0.04461
11/22/2005,10.6,0.04428
11/23/2005,10.96,0.04488
11/24/2005,10.96,0.04472
11/25/2005,10.88,0.04429
11/28/2005,11.84,0.04406
11/29/2005,11.89,0.04476
11/30/2005,12.06,0.04486
12/1/2005,11.24,0.04515
12/2/2005,11.01,0.04513
12/5/2005,11.6,0.04571
12/6/2005,11.52,0.04484
12/7/2005,12.18,0.04511
12/8/2005,12.21,0.04464
12/9/2005,11.69,0.04525
12/12/2005,11.47,0.04549
12/13/2005,11.11,0.04521
12/14/2005,10.48,0.04458
12/15/2005,10.73,0.04462
12/16/2005,10.68,0.04435
12/19/2005,11.38,0.04441
12/20/2005,11.19,0.04462
12/21/2005,10.81,0.0449
12/22/2005,10.29,0.04429
12/23/2005,10.27,0.04382
12/26/2005,10.27,0.04382
12/27/2005,11.57,0.04339
12/28/2005,11.35,0.04376
12/29/2005,11.61,0.04356
12/30/2005,12.07,0.04393
1/2/2006,12.07,0.04393
1/3/2006,11.14,0.04366
1/4/2006,11.37,0.04344
1/5/2006,11.31,0.04354
1/6/2006,11,0.04375
1/9/2006,11.13,0.04367
1/10/2006,10.86,0.04426
1/11/2006,10.94,0.04454
1/12/2006,11.2,0.04405
1/13/2006,11.23,0.04355
1/16/2006,11.23,0.04355
1/17/2006,11.91,0.04326
1/18/2006,12.25,0.04334
1/19/2006,11.98,0.04375
1/20/2006,14.56,0.04351
1/23/2006,13.93,0.04357
1/24/2006,13.31,0.04392
1/25/2006,12.87,0.04477
1/26/2006,12.42,0.04519
1/27/2006,11.97,0.04511
1/30/2006,12.39,0.04527
1/31/2006,12.95,0.04517
2/1/2006,12.36,0.04557
2/2/2006,13.23,0.04559
2/3/2006,12.96,0.04525
2/6/2006,13.04,0.04545
2/7/2006,13.59,0.04567
2/8/2006,12.83,0.04589
2/9/2006,13.12,0.04545
2/10/2006,12.87,0.04586
2/13/2006,13.35,0.04579
2/14/2006,12.25,0.04612
2/15/2006,12.31,0.04598
2/16/2006,11.48,0.04585
2/17/2006,12.01,0.04539
2/20/2006,12.01,0.04539
2/21/2006,12.41,0.04567
2/22/2006,11.88,0.04523
2/23/2006,11.87,0.04557
2/24/2006,11.46,0.04575
2/27/2006,11.59,0.04592
2/28/2006,12.34,0.04553
3/1/2006,11.54,0.04587
3/2/2006,11.72,0.0463
3/3/2006,11.96,0.04682
3/6/2006,12.74,0.04752
3/7/2006,12.66,0.04724
3/8/2006,12.32,0.04728
3/9/2006,12.68,0.04726
3/10/2006,11.85,0.04759
3/13/2006,11.37,0.04769
3/14/2006,10.74,0.04694
3/15/2006,11.35,0.04729
3/16/2006,11.98,0.04642
3/17/2006,12.12,0.04672
3/20/2006,11.79,0.04658
3/21/2006,11.62,0.04719
3/22/2006,11.21,0.04701
3/23/2006,11.17,0.04735
3/24/2006,11.19,0.04671
3/27/2006,11.46,0.04705
3/28/2006,11.58,0.04782
3/29/2006,10.95,0.04806
3/30/2006,11.57,0.04857
3/31/2006,11.39,0.04849
4/3/2006,11.57,0.04864
4/4/2006,11.14,0.04866
4/5/2006,11.13,0.04845
4/6/2006,11.45,0.04901
4/7/2006,12.26,0.04979
4/10/2006,12.19,0.04955
4/11/2006,13,0.04922
4/12/2006,12.76,0.0498
4/13/2006,12.38,0.05047
4/14/2006,12.38,0.05047
4/17/2006,12.58,0.05005
4/18/2006,11.4,0.04985
4/19/2006,11.32,0.05024
4/20/2006,11.64,0.05041
4/21/2006,11.59,0.0501
4/24/2006,11.75,0.04979
4/25/2006,11.75,0.05069
4/26/2006,11.76,0.05107
4/27/2006,11.84,0.05069
4/28/2006,11.59,0.05053
5/1/2006,12.54,0.05139
5/2/2006,11.99,0.0511
5/3/2006,11.99,0.05144
5/4/2006,11.86,0.05154
5/5/2006,11.62,0.05102
5/8/2006,12,0.05113
5/9/2006,11.99,0.05123
5/10/2006,11.78,0.05125
5/11/2006,12.49,0.05153
5/12/2006,14.19,0.05196
5/15/2006,13.57,0.05155
5/16/2006,13.35,0.05097
5/17/2006,16.26,0.05145
5/18/2006,16.99,0.05063
5/19/2006,17.18,0.0506
5/22/2006,17.72,0.0504
5/23/2006,18.26,0.05014
5/24/2006,17.36,0.05038
5/25/2006,15.5,0.0507
5/26/2006,14.26,0.0505
5/29/2006,14.26,0.0505
5/30/2006,18.66,0.05078
5/31/2006,16.44,0.05121
6/1/2006,14.52,0.051
6/2/2006,14.32,0.04992
6/5/2006,16.65,0.0502
6/6/2006,17.34,0.05002
6/7/2006,17.8,0.0502
6/8/2006,18.35,0.04996
6/9/2006,18.12,0.04973
6/12/2006,20.96,0.04979
6/13/2006,23.81,0.04963
6/14/2006,21.46,0.05064
6/15/2006,15.9,0.05096
6/16/2006,17.25,0.05128
6/19/2006,17.83,0.05137
6/20/2006,16.69,0.05151
6/21/2006,15.52,0.05155
6/22/2006,15.88,0.0521
6/23/2006,15.89,0.05224
6/26/2006,15.62,0.05235
6/27/2006,16.4,0.05202
6/28/2006,15.79,0.05245
6/29/2006,13.03,0.05196
6/30/2006,13.08,0.05138
7/3/2006,13.05,0.05151
7/4/2006,13.05,0.05151
7/5/2006,14.15,0.05222
7/6/2006,13.65,0.05181
7/7/2006,13.97,0.05128
7/10/2006,14.02,0.05126
7/11/2006,13.14,0.05102
7/12/2006,14.49,0.051
7/13/2006,17.79,0.05065
7/14/2006,18.05,0.05065
7/17/2006,18.64,0.05065
7/18/2006,17.74,0.05132
7/19/2006,15.55,0.05051
7/20/2006,16.21,0.05028
7/21/2006,17.4,0.05042
7/24/2006,14.98,0.05044
7/25/2006,14.85,0.05065
7/26/2006,14.62,0.05032
7/27/2006,14.94,0.05036
7/28/2006,14.33,0.04992
7/31/2006,14.95,0.04981
8/1/2006,15.05,0.04977
8/2/2006,14.34,0.04965
8/3/2006,14.46,0.04961
8/4/2006,14.34,0.04895
8/7/2006,15.23,0.04921
8/8/2006,15.23,0.04919
8/9/2006,15.2,0.04939
8/10/2006,14.46,0.04933
8/11/2006,14.3,0.04971
8/14/2006,14.26,0.04997
8/15/2006,13.42,0.04931
8/16/2006,12.41,0.04861
8/17/2006,12.24,0.04865
8/18/2006,11.64,0.04843
8/21/2006,12.22,0.04813
8/22/2006,12.19,0.04811
8/23/2006,12.4,0.04809
8/24/2006,12.4,0.04801
8/25/2006,12.31,0.04781
8/28/2006,12.18,0.04793
8/29/2006,12.28,0.04779
8/30/2006,12.22,0.04753
8/31/2006,12.31,0.04728
9/1/2006,11.96,0.04726
9/4/2006,11.96,0.04726
9/5/2006,12.63,0.04781
9/6/2006,13.74,0.04797
9/7/2006,13.88,0.04787
9/8/2006,13.16,0.04773
9/11/2006,12.99,0.04803
9/12/2006,11.92,0.04771
9/13/2006,11.18,0.04761
9/14/2006,11.55,0.04791
9/15/2006,11.76,0.0479
9/18/2006,11.78,0.04806
9/19/2006,11.98,0.04735
9/20/2006,11.39,0.04731
9/21/2006,12.25,0.04638
9/22/2006,12.59,0.04591
9/25/2006,12.12,0.04544
9/26/2006,11.53,0.04585
9/27/2006,11.58,0.046
9/28/2006,11.72,0.04614
9/29/2006,11.98,0.0463
10/2/2006,12.57,0.04602
10/3/2006,12.24,0.04616
10/4/2006,11.86,0.04561
10/5/2006,11.98,0.04606
10/6/2006,11.56,0.04696
10/9/2006,11.68,0.04696
10/10/2006,11.52,0.04754
10/11/2006,11.62,0.0478
10/12/2006,11.09,0.04772
10/13/2006,10.75,0.048
10/16/2006,11.09,0.04778
10/17/2006,11.73,0.04768
10/18/2006,11.34,0.04756
10/19/2006,10.9,0.04784
10/20/2006,10.63,0.04788
10/23/2006,11.08,0.0483
10/24/2006,10.78,0.04822
10/25/2006,10.66,0.04763
10/26/2006,10.56,0.04719
10/27/2006,10.8,0.04673
10/30/2006,11.2,0.04671
10/31/2006,11.1,0.046
11/1/2006,11.51,0.04566
11/2/2006,11.42,0.04596
11/3/2006,11.16,0.04717
11/6/2006,11.16,0.04695
11/7/2006,11.09,0.04659
11/8/2006,10.75,0.04637
11/9/2006,11.01,0.04627
11/10/2006,10.79,0.0459
11/13/2006,10.86,0.04611
11/14/2006,10.5,0.04564
11/15/2006,10.31,0.04619
11/16/2006,10.16,0.04666
11/17/2006,10.05,0.04601
11/20/2006,9.97,0.04599
11/21/2006,9.9,0.04572
11/22/2006,10.14,0.0456
11/23/2006,10.14,0.0456
11/24/2006,10.73,0.0455
11/27/2006,12.3,0.0453
11/28/2006,11.62,0.04503
11/29/2006,10.83,0.04523
11/30/2006,10.91,0.0446
12/1/2006,11.66,0.04435
12/4/2006,11.23,0.04425
12/5/2006,11.27,0.04442
12/6/2006,11.33,0.04487
12/7/2006,12.67,0.04483
12/8/2006,12.07,0.04546
12/11/2006,10.71,0.0452
12/12/2006,10.65,0.04487
12/13/2006,10.18,0.04581
12/14/2006,9.97,0.04599
12/15/2006,10.05,0.04595
12/18/2006,10.6,0.04583
12/19/2006,10.3,0.04591
12/20/2006,10.26,0.04597
12/21/2006,10.53,0.04547
12/22/2006,11.36,0.0462
12/25/2006,11.36,0.0462
12/26/2006,11.26,0.04601
12/27/2006,10.64,0.04652
12/28/2006,10.99,0.04682
12/29/2006,11.56,0.04704
1/1/2007,11.56,0.04704
1/2/2007,11.56,0.04682
1/3/2007,12.04,0.0466
1/4/2007,11.51,0.04604
1/5/2007,12.14,0.04646
1/8/2007,12,0.04654
1/9/2007,11.91,0.04656
1/10/2007,11.47,0.04686
1/11/2007,10.87,0.04732
1/12/2007,10.15,0.04777
1/15/2007,10.15,0.04777
1/16/2007,10.74,0.04749
1/17/2007,10.59,0.04781
1/18/2007,10.85,0.04745
1/19/2007,10.4,0.04777
1/22/2007,10.77,0.04761
1/23/2007,10.34,0.0481
1/24/2007,9.89,0.0481
1/25/2007,11.22,0.04875
1/26/2007,11.13,0.04875
1/29/2007,11.45,0.04892
1/30/2007,10.96,0.04871
1/31/2007,10.42,0.0481
2/1/2007,10.31,0.04837
2/2/2007,10.08,0.04822
2/5/2007,10.55,0.04804
2/6/2007,10.65,0.04768
2/7/2007,10.32,0.04745
2/8/2007,10.44,0.04733
2/9/2007,11.1,0.04782
2/12/2007,11.61,0.04806
2/13/2007,10.34,0.0481
2/14/2007,10.23,0.04738
2/15/2007,10.22,0.04708
2/16/2007,10.02,0.0469
2/19/2007,10.02,0.0469
2/20/2007,10.24,0.04676
2/21/2007,10.2,0.04692
2/22/2007,10.18,0.0473
2/23/2007,10.58,0.04672
2/26/2007,11.15,0.04627
2/27/2007,18.31,0.04513
2/28/2007,15.42,0.04568
3/1/2007,15.82,0.04552
3/2/2007,18.61,0.04499
3/5/2007,19.63,0.04497
3/6/2007,15.96,0.0453
3/7/2007,15.24,0.04489
3/8/2007,14.29,0.04514
3/9/2007,14.09,0.04589
3/12/2007,13.99,0.04554
3/13/2007,18.13,0.04493
3/14/2007,17.27,0.04536
3/15/2007,16.43,0.04538
3/16/2007,16.79,0.04545
3/19/2007,14.59,0.04565
3/20/2007,13.27,0.04551
3/21/2007,12.19,0.04538
3/22/2007,12.93,0.04585
3/23/2007,12.95,0.04613
3/26/2007,13.16,0.04603
3/27/2007,13.48,0.04599
3/28/2007,14.98,0.04622
3/29/2007,15.14,0.04644
3/30/2007,14.64,0.04646
4/2/2007,14.53,0.04642
4/3/2007,13.46,0.04666
4/4/2007,13.24,0.0465
4/5/2007,13.23,0.0468
4/6/2007,13.23,0.04751
4/9/2007,13.14,0.04745
4/10/2007,12.68,0.0472
4/11/2007,13.49,0.04732
4/12/2007,12.71,0.04737
4/13/2007,12.2,0.04763
4/16/2007,11.98,0.04737
4/17/2007,12.14,0.04682
4/18/2007,12.42,0.04652
4/19/2007,12.54,0.04666
4/20/2007,12.07,0.04672
4/23/2007,13.04,0.04642
4/24/2007,13.12,0.04622
4/25/2007,13.21,0.04652
4/26/2007,12.79,0.04698
4/27/2007,12.45,0.04694
4/30/2007,14.22,0.04624
5/1/2007,13.51,0.04638
5/2/2007,13.08,0.04644
5/3/2007,13.09,0.04674
5/4/2007,12.91,0.0464
5/7/2007,13.15,0.04628
5/8/2007,13.21,0.04636
5/9/2007,12.88,0.04667
5/10/2007,13.6,0.0464
5/11/2007,12.95,0.04674
5/14/2007,13.96,0.04696
5/15/2007,14.01,0.04704
5/16/2007,13.5,0.04712
5/17/2007,13.51,0.04754
5/18/2007,12.76,0.04802
5/21/2007,13.3,0.04784
5/22/2007,13.06,0.04826
5/23/2007,13.24,0.04849
5/24/2007,14.08,0.04841
5/25/2007,13.34,0.04859
5/28/2007,13.34,0.04859
5/29/2007,13.53,0.04884
5/30/2007,12.83,0.0487
5/31/2007,13.05,0.0489
6/1/2007,12.78,0.04954
6/4/2007,13.29,0.04929
6/5/2007,13.63,0.04993
6/6/2007,14.87,0.04966
6/7/2007,17.06,0.05132
6/8/2007,14.84,0.05101
6/11/2007,14.71,0.05154
6/12/2007,16.67,0.05295
6/13/2007,14.73,0.052
6/14/2007,13.64,0.05223
6/15/2007,13.94,0.05165
6/18/2007,13.42,0.05136
6/19/2007,12.85,0.05083
6/20/2007,14.67,0.05134
6/21/2007,14.21,0.05188
6/22/2007,15.75,0.05132
6/25/2007,16.65,0.05082
6/26/2007,18.89,0.0508
6/27/2007,15.53,0.05082
6/28/2007,15.54,0.05105
6/29/2007,16.23,0.05026
7/2/2007,15.4,0.04991
7/3/2007,14.92,0.05039
7/4/2007,14.92,0.05039
7/5/2007,15.48,0.05142
7/6/2007,14.72,0.05184
7/9/2007,15.16,0.0514
7/10/2007,17.57,0.05023
7/11/2007,16.64,0.05088
7/12/2007,15.54,0.05126
7/13/2007,15.15,0.05095
7/16/2007,15.59,0.05041
7/17/2007,15.63,0.05051
7/18/2007,16,0.0503
7/19/2007,15.23,0.05018
7/20/2007,16.95,0.04952
7/23/2007,16.81,0.0495
7/24/2007,18.55,0.04911
7/25/2007,18.1,0.049
7/26/2007,20.74,0.04787
7/27/2007,24.17,0.04759
7/30/2007,20.87,0.04804
7/31/2007,23.52,0.04741
8/1/2007,23.67,0.04794
8/2/2007,21.22,0.04767
8/3/2007,25.16,0.04686
8/6/2007,22.94,0.04739
8/7/2007,21.56,0.0477
8/8/2007,21.45,0.04879
8/9/2007,26.48,0.0477
8/10/2007,28.3,0.0481
8/13/2007,26.57,0.04762
8/14/2007,27.68,0.04726
8/15/2007,30.67,0.04726
8/16/2007,30.83,0.04659
8/17/2007,29.99,0.04687
8/20/2007,26.33,0.04628
8/21/2007,25.25,0.04592
8/22/2007,22.89,0.04647
8/23/2007,22.62,0.04647
8/24/2007,20.72,0.04618
8/27/2007,22.72,0.04565
8/28/2007,26.3,0.04508
8/29/2007,23.81,0.04561
8/30/2007,25.06,0.04508
8/31/2007,23.38,0.04531
9/3/2007,23.38,0.04531
9/4/2007,22.78,0.04549
9/5/2007,24.58,0.04469
9/6/2007,23.99,0.0451
9/7/2007,26.23,0.04384
9/10/2007,27.38,0.04324
9/11/2007,25.27,0.0437
9/12/2007,24.96,0.04412
9/13/2007,24.76,0.04466
9/14/2007,24.92,0.04456
9/17/2007,26.48,0.04468
9/18/2007,20.35,0.04474
9/19/2007,20.03,0.04548
9/20/2007,20.45,0.04698
9/21/2007,19,0.04622
9/24/2007,19.37,0.0463
9/25/2007,18.6,0.04626
9/26/2007,17.63,0.04622
9/27/2007,17,0.04565
9/28/2007,18,0.04588
10/1/2007,17.84,0.04547
10/2/2007,18.49,0.04524
10/3/2007,18.8,0.04561
10/4/2007,18.44,0.04512
10/5/2007,16.91,0.04638
10/8/2007,17.46,0.04638
10/9/2007,16.12,0.04649
10/10/2007,16.67,0.04651
10/11/2007,18.88,0.04638
10/12/2007,17.73,0.04683
10/15/2007,19.25,0.04679
10/16/2007,20.02,0.04649
10/17/2007,18.54,0.04554
10/18/2007,18.5,0.04491
10/19/2007,22.96,0.04393
10/22/2007,21.64,0.04413
10/23/2007,20.41,0.04405
10/24/2007,20.8,0.04341
10/25/2007,21.17,0.04379
10/26/2007,19.56,0.04403
10/29/2007,19.87,0.04383
10/30/2007,21.07,0.04381
10/31/2007,18.53,0.04473
11/1/2007,23.21,0.04348
11/2/2007,23.01,0.04318
11/5/2007,24.31,0.04336
11/6/2007,21.39,0.04375
11/7/2007,26.49,0.0431
11/8/2007,26.16,0.04285
11/9/2007,28.5,0.04215
11/12/2007,31.09,0.04215
11/13/2007,24.1,0.04265
11/14/2007,25.94,0.04252
11/15/2007,28.06,0.04142
11/16/2007,25.49,0.04169
11/19/2007,26.01,0.04073
11/20/2007,24.88,0.04098
11/21/2007,26.84,0.04009
11/22/2007,26.84,0.04008
11/23/2007,25.61,0.04001
11/26/2007,28.91,0.03841
11/27/2007,26.28,0.0395
11/28/2007,24.11,0.04037
11/29/2007,23.97,0.03936
11/30/2007,22.87,0.0394
12/3/2007,23.61,0.03848
12/4/2007,23.79,0.03894
12/5/2007,22.53,0.03957
12/6/2007,20.96,0.0401
12/7/2007,20.85,0.04107
12/10/2007,20.74,0.04159
12/11/2007,23.59,0.03971
12/12/2007,22.47,0.04091
12/13/2007,22.56,0.04203
12/14/2007,23.27,0.04236
12/17/2007,24.52,0.04147
12/18/2007,22.64,0.0412
12/19/2007,21.68,0.0403
12/20/2007,20.58,0.04053
12/21/2007,18.47,0.0417
12/24/2007,18.6,0.04214
12/25/2007,18.6,0.04214
12/26/2007,18.66,0.04277
12/27/2007,20.26,0.04199
12/28/2007,20.74,0.04075
12/31/2007,22.5,0.04025
1/1/2008,22.5,0.04025
1/2/2008,23.17,0.03905
1/3/2008,22.49,0.03894
1/4/2008,23.94,0.03867
1/7/2008,23.79,0.03833
1/8/2008,25.43,0.03784
1/9/2008,24.12,0.03823
1/10/2008,23.45,0.03886
1/11/2008,23.68,0.03785
1/14/2008,22.9,0.03767
1/15/2008,23.34,0.03677
1/16/2008,24.38,0.03736
1/17/2008,28.46,0.03623
1/18/2008,27.18,0.03632
1/21/2008,27.18,0.03631
1/22/2008,31.01,0.03435
1/23/2008,29.02,0.036
1/24/2008,27.78,0.03704
1/25/2008,29.08,0.03551
1/28/2008,27.78,0.03582
1/29/2008,27.32,0.03679
1/30/2008,27.62,0.03667
1/31/2008,26.2,0.03595
2/1/2008,24.02,0.03594
2/4/2008,25.99,0.03646
2/5/2008,28.24,0.03572
2/6/2008,28.97,0.0359
2/7/2008,27.66,0.03762
2/8/2008,28.01,0.03645
2/11/2008,27.6,0.03616
2/12/2008,26.33,0.0366
2/13/2008,24.88,0.0373
2/14/2008,25.54,0.03818
2/15/2008,25.02,0.0377
2/18/2008,25.02,0.03771
2/19/2008,25.59,0.03898
2/20/2008,24.4,0.03892
2/21/2008,25.12,0.03773
2/22/2008,24.06,0.03803
2/25/2008,23.03,0.03898
2/26/2008,21.9,0.03862
2/27/2008,22.69,0.0385
2/28/2008,23.53,0.03672
2/29/2008,26.54,0.03511
3/3/2008,26.28,0.03549
3/4/2008,25.52,0.03626
3/5/2008,24.6,0.0367
3/6/2008,27.55,0.03585
3/7/2008,27.49,0.03534
3/10/2008,29.38,0.03457
3/11/2008,26.36,0.03594
3/12/2008,27.22,0.03462
3/13/2008,27.29,0.03528
3/14/2008,31.16,0.0347
3/17/2008,32.24,0.03308
3/18/2008,25.79,0.03485
3/19/2008,29.84,0.0333
3/20/2008,26.62,0.03335
3/21/2008,26.62,0.03335
3/24/2008,25.73,0.03558
3/25/2008,25.72,0.03507
3/26/2008,26.08,0.03462
3/27/2008,25.88,0.0353
3/28/2008,25.71,0.03443
3/31/2008,25.61,0.03411
4/1/2008,22.68,0.0356
4/2/2008,23.43,0.03598
4/3/2008,23.21,0.03579
4/4/2008,22.45,0.03468
4/7/2008,22.42,0.03537
4/8/2008,22.36,0.03558
4/9/2008,22.81,0.03483
4/10/2008,21.98,0.03541
4/11/2008,23.46,0.03471
4/14/2008,23.82,0.03513
4/15/2008,22.78,0.03602
4/16/2008,20.53,0.03691
4/17/2008,20.37,0.03729
4/18/2008,20.13,0.03708
4/21/2008,20.5,0.03727
4/22/2008,20.87,0.03693
4/23/2008,20.26,0.03733
4/24/2008,20.06,0.03827
4/25/2008,19.59,0.03872
4/28/2008,19.64,0.03827
4/29/2008,20.24,0.03821
4/30/2008,20.79,0.0373
5/1/2008,18.88,0.03765
5/2/2008,18.18,0.03857
5/5/2008,18.9,0.03869
5/6/2008,18.21,0.03918
5/7/2008,19.73,0.03849
5/8/2008,19.4,0.0378
5/9/2008,19.41,0.03771
5/12/2008,17.79,0.03799
5/13/2008,17.98,0.03915
5/14/2008,17.66,0.03913
5/15/2008,16.3,0.03816
5/16/2008,16.47,0.03846
5/19/2008,17.01,0.03831
5/20/2008,17.58,0.03776
5/21/2008,18.59,0.03809
5/22/2008,18.05,0.03913
5/23/2008,19.55,0.03844
5/26/2008,19.55,0.03844
5/27/2008,19.64,0.03921
5/28/2008,19.07,0.04005
5/29/2008,18.14,0.04077
5/30/2008,17.83,0.04061
6/2/2008,19.83,0.03959
6/3/2008,20.24,0.03896
6/4/2008,20.8,0.03978
6/5/2008,18.63,0.0404
6/6/2008,23.56,0.03911
6/9/2008,23.12,0.04
6/10/2008,23.18,0.04105
6/11/2008,24.12,0.04075
6/12/2008,23.33,0.04213
6/13/2008,21.22,0.04259
6/16/2008,20.95,0.04269
6/17/2008,21.13,0.04199
6/18/2008,22.24,0.04138
6/19/2008,21.58,0.04209
6/20/2008,22.87,0.04166
6/23/2008,22.64,0.04166
6/24/2008,22.42,0.04084
6/25/2008,21.14,0.04101
6/26/2008,23.93,0.04035
6/27/2008,23.44,0.03967
6/30/2008,23.95,0.03971
7/1/2008,23.65,0.04004
7/2/2008,25.92,0.03959
7/3/2008,24.78,0.03977
7/4/2008,24.78,0.03977
7/7/2008,25.78,0.03901
7/8/2008,23.15,0.03884
7/9/2008,25.23,0.03813
7/10/2008,25.59,0.03798
7/11/2008,27.49,0.0396
7/14/2008,28.48,0.03857
7/15/2008,28.54,0.03821
7/16/2008,25.1,0.03936
7/17/2008,25.01,0.03993
7/18/2008,24.05,0.04085
7/21/2008,23.05,0.04044
7/22/2008,21.18,0.04101
7/23/2008,21.31,0.04118
7/24/2008,23.44,0.03999
7/25/2008,22.91,0.04099
7/28/2008,24.23,0.04003
7/29/2008,22.03,0.0404
7/30/2008,21.21,0.04046
7/31/2008,22.94,0.03948
8/1/2008,22.57,0.03933
8/4/2008,23.49,0.03964
8/5/2008,21.14,0.04019
8/6/2008,20.23,0.04052
8/7/2008,21.15,0.03925
8/8/2008,20.66,0.03932
8/11/2008,20.12,0.03995
8/12/2008,21.17,0.039
8/13/2008,21.55,0.03936
8/14/2008,20.34,0.03891
8/15/2008,19.58,0.0384
8/18/2008,20.98,0.03815
8/19/2008,21.28,0.03834
8/20/2008,20.42,0.03802
8/21/2008,19.82,0.03831
8/22/2008,18.81,0.03872
8/25/2008,20.97,0.03786
8/26/2008,20.49,0.03776
8/27/2008,19.76,0.03765
8/28/2008,19.43,0.0378
8/29/2008,20.65,0.03813
9/1/2008,20.65,0.03813
9/2/2008,21.99,0.03735
9/3/2008,21.43,0.03701
9/4/2008,24.03,0.03625
9/5/2008,23.06,0.03701
9/8/2008,22.64,0.03676
9/9/2008,25.47,0.03569
9/10/2008,24.52,0.03631
9/11/2008,24.39,0.03644
9/12/2008,25.66,0.03721
9/15/2008,31.7,0.03389
9/16/2008,30.3,0.03438
9/17/2008,36.22,0.03416
9/18/2008,33.1,0.03546
9/19/2008,32.07,0.03812
9/22/2008,33.85,0.03837
9/23/2008,35.72,0.03801
9/24/2008,35.19,0.03812
9/25/2008,32.82,0.03856
9/26/2008,34.74,0.03854
9/29/2008,46.72,0.03579
9/30/2008,39.39,0.03825
10/1/2008,39.81,0.0374
10/2/2008,45.26,0.03629
10/3/2008,45.14,0.03605
10/6/2008,52.05,0.03455
10/7/2008,53.68,0.03505
10/8/2008,57.53,0.03642
10/9/2008,63.92,0.03787
10/10/2008,69.95,0.03872
10/13/2008,54.99,0.0398
10/14/2008,55.13,0.04079
10/15/2008,69.25,0.03949
10/16/2008,67.61,0.03961
10/17/2008,70.33,0.03932
10/20/2008,52.97,0.03843
10/21/2008,53.11,0.03741
10/22/2008,69.65,0.03596
10/23/2008,67.8,0.03676
10/24/2008,79.13,0.03687
10/27/2008,80.06,0.03689
10/28/2008,66.96,0.03836
10/29/2008,69.96,0.03857
10/30/2008,62.9,0.03966
10/31/2008,59.89,0.03955
11/3/2008,53.68,0.03916
11/4/2008,47.73,0.03727
11/5/2008,54.56,0.03704
11/6/2008,63.68,0.0369
11/7/2008,56.1,0.03795
11/10/2008,59.98,0.03745
11/11/2008,61.44,0.03745
11/12/2008,66.46,0.03648
11/13/2008,59.83,0.03857
11/14/2008,66.31,0.03737
11/17/2008,69.15,0.0365
11/18/2008,67.64,0.03531
11/19/2008,74.26,0.03322
11/20/2008,80.86,0.03015
11/21/2008,72.67,0.03199
11/24/2008,64.7,0.03325
11/25/2008,60.9,0.0311
11/26/2008,54.92,0.0298
11/27/2008,54.92,0.0298
11/28/2008,55.84,0.02922
12/1/2008,68.51,0.02733
12/2/2008,62.98,0.02674
12/3/2008,60.72,0.0266
12/4/2008,63.64,0.02553
12/5/2008,59.93,0.02705
12/8/2008,58.49,0.0274
12/9/2008,58.91,0.02642
12/10/2008,55.73,0.02684
12/11/2008,55.78,0.02604
12/12/2008,54.28,0.02572
12/15/2008,56.76,0.02514
12/16/2008,52.37,0.02257
12/17/2008,49.84,0.02193
12/18/2008,47.34,0.0208
12/19/2008,44.93,0.02125
12/22/2008,44.56,0.02172
12/23/2008,45.02,0.02175
12/24/2008,44.21,0.02184
12/25/2008,44.21,0.02183
12/26/2008,43.38,0.02133
12/29/2008,43.9,0.021
12/30/2008,41.63,0.02055
12/31/2008,40,0.02214
1/1/2009,40,0.02213
1/2/2009,39.19,0.02371
1/5/2009,39.08,0.02483
1/6/2009,38.56,0.02447
1/7/2009,43.39,0.02496
1/8/2009,42.56,0.02441
1/9/2009,42.82,0.02392
1/12/2009,45.84,0.02306
1/13/2009,43.27,0.02294
1/14/2009,49.14,0.02201
1/15/2009,51,0.02207
1/16/2009,46.11,0.0232
1/19/2009,46.11,0.0232
1/20/2009,56.65,0.02379
1/21/2009,46.42,0.02538
1/22/2009,47.29,0.02594
1/23/2009,47.27,0.02619
1/26/2009,45.69,0.02643
1/27/2009,42.25,0.02529
1/28/2009,39.66,0.02668
1/29/2009,42.63,0.0286
1/30/2009,44.84,0.02842
2/2/2009,45.52,0.02724
2/3/2009,43.06,0.02886
2/4/2009,43.85,0.02937
2/5/2009,43.73,0.02914
2/6/2009,43.37,0.02994
2/9/2009,43.64,0.02986
2/10/2009,46.67,0.02815
2/11/2009,44.53,0.02755
2/12/2009,41.25,0.02788
2/13/2009,42.93,0.02891
2/16/2009,42.93,0.02891
2/17/2009,48.66,0.0265
2/18/2009,48.46,0.02757
2/19/2009,47.08,0.02855
2/20/2009,49.3,0.0279
2/23/2009,52.62,0.02755
2/24/2009,45.49,0.02797
2/25/2009,44.67,0.02928
2/26/2009,44.66,0.02993
2/27/2009,46.35,0.03015
3/2/2009,52.65,0.02864
3/3/2009,50.93,0.02879
3/4/2009,47.56,0.02976
3/5/2009,50.17,0.02813
3/6/2009,49.33,0.02874
3/9/2009,49.68,0.02861
3/10/2009,44.37,0.03006
3/11/2009,43.61,0.02907
3/12/2009,41.18,0.02855
3/13/2009,42.36,0.02892
3/16/2009,43.74,0.02955
3/17/2009,40.8,0.03008
3/18/2009,40.06,0.02535
3/19/2009,43.68,0.02604
3/20/2009,45.89,0.02636
3/23/2009,43.23,0.02654
3/24/2009,42.93,0.02703
3/25/2009,42.25,0.02786
3/26/2009,40.36,0.02741
3/27/2009,41.04,0.02759
3/30/2009,45.54,0.02714
3/31/2009,44.14,0.02665
4/1/2009,42.28,0.02656
4/2/2009,42.04,0.02768
4/3/2009,39.7,0.02887
4/6/2009,40.93,0.02924
4/7/2009,40.39,0.02898
4/8/2009,38.85,0.02858
4/9/2009,36.53,0.02923
4/10/2009,36.53,0.02924
4/13/2009,37.81,0.0286
4/14/2009,37.67,0.02786
4/15/2009,36.17,0.02766
4/16/2009,35.79,0.02832
4/17/2009,33.94,0.02947
4/20/2009,39.18,0.02838
4/21/2009,37.14,0.02899
4/22/2009,38.1,0.02942
4/23/2009,37.15,0.02921
4/24/2009,36.82,0.02992
4/27/2009,38.32,0.0291
4/28/2009,37.95,0.03009
4/29/2009,36.08,0.03109
4/30/2009,36.5,0.03121
5/1/2009,35.3,0.03155
5/4/2009,34.53,0.03153
5/5/2009,33.36,0.03161
5/6/2009,32.45,0.03163
5/7/2009,33.44,0.03339
5/8/2009,32.05,0.03287
5/11/2009,32.87,0.03167
5/12/2009,31.8,0.03175
5/13/2009,33.65,0.03121
5/14/2009,31.37,0.0309
5/15/2009,33.12,0.03136
5/18/2009,30.24,0.03232
5/19/2009,28.8,0.03245
5/20/2009,29.03,0.03193
5/21/2009,31.35,0.03366
5/22/2009,32.63,0.03451
5/25/2009,32.63,0.03451
5/26/2009,30.62,0.03549
5/27/2009,32.36,0.0374
5/28/2009,31.67,0.03614
5/29/2009,28.92,0.03461
6/1/2009,30.04,0.03675
6/2/2009,29.63,0.03615
6/3/2009,31.02,0.03542
6/4/2009,30.18,0.03712
6/5/2009,29.62,0.0383
6/8/2009,29.77,0.03876
6/9/2009,28.27,0.03858
6/10/2009,28.46,0.03948
6/11/2009,28.11,0.03856
6/12/2009,28.15,0.03794
6/15/2009,30.81,0.03713
6/16/2009,32.68,0.03661
6/17/2009,31.54,0.0369
6/18/2009,30.03,0.0383
6/19/2009,27.99,0.03783
6/22/2009,31.17,0.03683
6/23/2009,30.58,0.03623
6/24/2009,29.05,0.03687
6/25/2009,26.36,0.03542
6/26/2009,25.93,0.03538
6/29/2009,25.35,0.03479
6/30/2009,26.35,0.03535
7/1/2009,26.22,0.03538
7/2/2009,27.95,0.03496
7/3/2009,27.95,0.035
7/6/2009,29,0.03508
7/7/2009,30.85,0.03456
7/8/2009,31.3,0.0331
7/9/2009,29.78,0.03405
7/10/2009,29.02,0.03304
7/13/2009,26.31,0.03352
7/14/2009,25.02,0.03472
7/15/2009,25.89,0.03606
7/16/2009,25.42,0.03571
7/17/2009,24.34,0.03645
7/20/2009,24.4,0.03608
7/21/2009,23.87,0.03484
7/22/2009,23.47,0.03546
7/23/2009,23.43,0.03657
7/24/2009,23.09,0.0366
7/27/2009,24.28,0.03721
7/28/2009,25.01,0.03688
7/29/2009,25.61,0.0366
7/30/2009,25.4,0.03609
7/31/2009,25.92,0.03481
8/3/2009,25.56,0.03635
8/4/2009,24.89,0.03687
8/5/2009,24.9,0.03748
8/6/2009,25.67,0.03752
8/7/2009,24.76,0.03852
8/10/2009,24.99,0.03778
8/11/2009,25.99,0.0367
8/12/2009,25.45,0.03719
8/13/2009,24.71,0.036
8/14/2009,24.27,0.03571
8/17/2009,27.89,0.0347
8/18/2009,26.18,0.03511
8/19/2009,26.26,0.03454
8/20/2009,25.09,0.03433
8/21/2009,25.01,0.03567
8/24/2009,25.14,0.03477
8/25/2009,24.92,0.03437
8/26/2009,24.95,0.03435
8/27/2009,24.68,0.03455
8/28/2009,24.76,0.03447
8/31/2009,26.01,0.03399
9/1/2009,29.15,0.03364
9/2/2009,28.9,0.03307
9/3/2009,27.1,0.03346
9/4/2009,25.26,0.0344
9/7/2009,25.26,0.03443
9/8/2009,25.62,0.03484
9/9/2009,24.32,0.03473
9/10/2009,23.55,0.03349
9/11/2009,24.15,0.03349
9/14/2009,23.86,0.03423
9/15/2009,23.42,0.03456
9/16/2009,23.69,0.03471
9/17/2009,23.65,0.03385
9/18/2009,23.92,0.03465
9/21/2009,24.06,0.03482
9/22/2009,23.08,0.03446
9/23/2009,23.49,0.0342
9/24/2009,24.95,0.03383
9/25/2009,25.61,0.0332
9/28/2009,24.88,0.03282
9/29/2009,25.19,0.03292
9/30/2009,25.61,0.03307
10/1/2009,28.27,0.03181
10/2/2009,28.68,0.03221
10/5/2009,26.84,0.03222
10/6/2009,25.7,0.03257
10/7/2009,24.68,0.03184
10/8/2009,24.18,0.0325
10/9/2009,23.12,0.03382
10/12/2009,23.01,0.0338
10/13/2009,22.99,0.03349
10/14/2009,22.86,0.03415
10/15/2009,21.72,0.03458
10/16/2009,21.43,0.03413
10/19/2009,21.49,0.03391
10/20/2009,20.9,0.03343
10/21/2009,22.22,0.03387
10/22/2009,20.69,0.03415
10/23/2009,22.27,0.03492
10/26/2009,24.31,0.03556
10/27/2009,24.83,0.03447
10/28/2009,27.91,0.03417
10/29/2009,24.76,0.03499
10/30/2009,30.69,0.03385
11/2/2009,29.78,0.03416
11/3/2009,28.81,0.03467
11/4/2009,27.72,0.03526
11/5/2009,25.43,0.03526
11/6/2009,24.19,0.03499
11/9/2009,23.15,0.03488
11/10/2009,22.84,0.03474
11/11/2009,23.04,0.03489
11/12/2009,24.24,0.03446
11/13/2009,23.36,0.0342
11/16/2009,22.89,0.03336
11/17/2009,22.41,0.03325
11/18/2009,21.63,0.03366
11/19/2009,22.63,0.03338
11/20/2009,22.19,0.03368
11/23/2009,21.16,0.03351
11/24/2009,20.47,0.03305
11/25/2009,20.48,0.03271
11/26/2009,20.48,0.03271
11/27/2009,24.85,0.03207
11/30/2009,24.51,0.032
12/1/2009,21.92,0.03284
12/2/2009,21.12,0.03312
12/3/2009,22.46,0.03386
12/4/2009,21.25,0.03474
12/7/2009,22.1,0.03431
12/8/2009,23.69,0.03382
12/9/2009,22.66,0.03435
12/10/2009,22.32,0.03499
12/11/2009,21.59,0.03552
12/14/2009,21.15,0.0355
12/15/2009,21.49,0.03588
12/16/2009,20.54,0.03599
12/17/2009,22.51,0.0348
12/18/2009,21.68,0.03539
12/21/2009,20.49,0.03676
12/22/2009,19.54,0.03756
12/23/2009,19.71,0.0375
12/24/2009,19.47,0.03805
12/25/2009,19.47,0.03805
12/28/2009,19.93,0.03842
12/29/2009,20.01,0.03799
12/30/2009,19.96,0.03788
12/31/2009,21.68,0.03839
1/1/2010,21.68,0.03837
1/4/2010,20.04,0.03817
1/5/2010,19.35,0.03763
1/6/2010,19.16,0.03823
1/7/2010,19.06,0.03825
1/8/2010,18.13,0.03832
1/11/2010,17.55,0.0382
1/12/2010,18.25,0.03713
1/13/2010,17.85,0.03793
1/14/2010,17.63,0.0374
1/15/2010,17.91,0.03676
1/18/2010,17.91,0.03676
1/19/2010,17.58,0.03694
1/20/2010,18.68,0.03649
1/21/2010,22.27,0.03588
1/22/2010,27.31,0.03609
1/25/2010,25.41,0.03628
1/26/2010,24.55,0.03621
1/27/2010,23.14,0.0365
1/28/2010,23.73,0.03636
1/29/2010,24.62,0.03586
2/1/2010,22.59,0.03652
2/2/2010,21.48,0.03642
2/3/2010,21.6,0.03707
2/4/2010,26.08,0.03608
2/5/2010,26.11,0.03567
2/8/2010,26.51,0.03562
2/9/2010,26,0.03647
2/10/2010,25.4,0.03692
2/11/2010,23.96,0.0372
2/12/2010,22.73,0.03695
2/15/2010,22.73,0.03693
2/16/2010,22.25,0.03659
2/17/2010,21.72,0.03733
2/18/2010,20.63,0.03803
2/19/2010,20.02,0.03775
2/22/2010,19.94,0.03797
2/23/2010,21.37,0.03685
2/24/2010,20.27,0.03693
2/25/2010,20.1,0.03634
2/26/2010,19.5,0.03614
3/1/2010,19.26,0.0361
3/2/2010,19.06,0.03606
3/3/2010,18.83,0.03619
3/4/2010,18.72,0.03604
3/5/2010,17.42,0.03682
3/8/2010,17.79,0.03718
3/9/2010,17.92,0.03702
3/10/2010,18.57,0.03723
3/11/2010,18.06,0.03729
3/12/2010,17.58,0.03702
3/15/2010,18,0.03697
3/16/2010,17.69,0.03651
3/17/2010,16.91,0.03638
3/18/2010,16.62,0.03678
3/19/2010,16.97,0.03691
3/22/2010,16.87,0.03661
3/23/2010,16.35,0.03687
3/24/2010,17.55,0.03854
3/25/2010,18.4,0.0388
3/26/2010,17.77,0.03849
3/29/2010,17.59,0.03866
3/30/2010,17.13,0.03859
3/31/2010,17.59,0.03828
4/1/2010,17.47,0.0387
4/2/2010,17.47,0.03947
4/5/2010,17.02,0.03988
4/6/2010,16.23,0.03952
4/7/2010,16.62,0.03855
4/8/2010,16.48,0.03892
4/9/2010,16.14,0.03884
4/12/2010,15.58,0.03844
4/13/2010,16.2,0.03822
4/14/2010,15.59,0.03861
4/15/2010,15.89,0.03834
4/16/2010,18.36,0.03764
4/19/2010,17.34,0.03799
4/20/2010,15.73,0.03801
4/21/2010,16.32,0.03738
4/22/2010,16.47,0.03774
4/23/2010,16.62,0.03811
4/26/2010,17.47,0.03807
4/27/2010,22.81,0.0369
4/28/2010,21.08,0.03765
4/29/2010,18.44,0.03726
4/30/2010,22.05,0.03655
5/3/2010,20.19,0.03684
5/4/2010,23.84,0.03592
5/5/2010,24.91,0.03541
5/6/2010,32.8,0.03396
5/7/2010,40.95,0.03427
5/10/2010,28.84,0.03543
5/11/2010,28.32,0.03525
5/12/2010,25.52,0.03573
5/13/2010,26.68,0.03531
5/14/2010,31.24,0.03455
5/17/2010,30.84,0.03489
5/18/2010,33.55,0.03348
5/19/2010,35.32,0.0337
5/20/2010,45.79,0.03214
5/21/2010,40.1,0.0324
5/24/2010,38.32,0.03196
5/25/2010,34.61,0.0316
5/26/2010,35.02,0.0319
5/27/2010,29.68,0.03362
5/28/2010,32.07,0.03294
5/31/2010,32.07,0.03287
6/1/2010,35.54,0.03261
6/2/2010,30.17,0.03342
6/3/2010,29.46,0.03366
6/4/2010,35.48,0.03204
6/7/2010,36.57,0.03144
6/8/2010,33.7,0.03188
6/9/2010,33.73,0.03175
6/10/2010,30.57,0.03321
6/11/2010,28.79,0.03236
6/14/2010,28.58,0.03255
6/15/2010,25.87,0.03304
6/16/2010,25.92,0.03262
6/17/2010,25.05,0.0319
6/18/2010,23.95,0.03221
6/21/2010,24.88,0.03243
6/22/2010,27.05,0.03168
6/23/2010,26.91,0.03121
6/24/2010,29.74,0.03139
6/25/2010,28.53,0.0311
6/28/2010,29,0.03023
6/29/2010,34.13,0.02951
6/30/2010,34.54,0.02933
7/1/2010,32.86,0.02949
7/2/2010,30.12,0.02979
7/5/2010,30.12,0.02975
7/6/2010,29.65,0.02932
7/7/2010,26.84,0.02982
7/8/2010,25.71,0.03032
7/9/2010,24.98,0.03054
7/12/2010,24.43,0.03065
7/13/2010,24.56,0.03123
7/14/2010,24.89,0.03044
7/15/2010,25.14,0.02996
7/16/2010,26.25,0.02923
7/19/2010,25.97,0.02955
7/20/2010,23.93,0.0295
7/21/2010,25.64,0.0288
7/22/2010,24.63,0.02937
7/23/2010,23.47,0.02996
7/26/2010,22.73,0.02994
7/27/2010,23.19,0.0305
7/28/2010,24.25,0.02987
7/29/2010,24.13,0.02981
7/30/2010,23.5,0.02907
8/2/2010,22.01,0.02963
8/3/2010,22.63,0.0291
8/4/2010,22.21,0.02952
8/5/2010,22.1,0.02903
8/6/2010,21.74,0.02818
8/9/2010,22.14,0.02831
8/10/2010,22.37,0.02761
8/11/2010,25.39,0.02683
8/12/2010,25.73,0.02747
8/13/2010,26.24,0.02673
8/16/2010,26.1,0.02564
8/17/2010,24.33,0.02634
8/18/2010,24.59,0.02634
8/19/2010,26.44,0.02577
8/20/2010,25.49,0.02612
8/23/2010,25.66,0.026
8/24/2010,27.46,0.0249
8/25/2010,26.7,0.02536
8/26/2010,27.37,0.02477
8/27/2010,24.45,0.02646
8/30/2010,27.21,0.0253
8/31/2010,26.05,0.0247
9/1/2010,23.89,0.02575
9/2/2010,23.19,0.02625
9/3/2010,21.31,0.02699
9/6/2010,21.31,0.02704
9/7/2010,23.8,0.02596
9/8/2010,23.25,0.02657
9/9/2010,22.81,0.02761
9/10/2010,21.99,0.02794
9/13/2010,21.21,0.0275
9/14/2010,21.56,0.02681
9/15/2010,22.1,0.02723
9/16/2010,21.72,0.02763
9/17/2010,22.01,0.02739
9/20/2010,21.5,0.02704
9/21/2010,22.35,0.02574
9/22/2010,22.51,0.0256
9/23/2010,23.87,0.02553
9/24/2010,21.71,0.02607
9/27/2010,22.54,0.02526
9/28/2010,22.6,0.02467
9/29/2010,23.25,0.02505
9/30/2010,23.7,0.02512
10/1/2010,22.5,0.02512
10/4/2010,23.53,0.02478
10/5/2010,21.76,0.02474
10/6/2010,21.49,0.02399
10/7/2010,21.56,0.02385
10/8/2010,20.71,0.02394
10/11/2010,18.96,0.02394
10/12/2010,18.93,0.02433
10/13/2010,19.07,0.02424
10/14/2010,19.88,0.02509
10/15/2010,19.03,0.02561
10/18/2010,19.09,0.02509
10/19/2010,20.63,0.02477
10/20/2010,19.79,0.02481
10/21/2010,19.27,0.02547
10/22/2010,18.78,0.02556
10/25/2010,19.85,0.02563
10/26/2010,20.22,0.02641
10/27/2010,20.71,0.02722
10/28/2010,20.88,0.02659
10/29/2010,21.2,0.02601
11/1/2010,21.83,0.02625
11/2/2010,21.57,0.02588
11/3/2010,19.56,0.02572
11/4/2010,18.52,0.02491
11/5/2010,18.26,0.02532
11/8/2010,18.29,0.02552
11/9/2010,19.08,0.02658
11/10/2010,18.47,0.02634
11/11/2010,18.64,0.02646
11/12/2010,20.61,0.02789
11/15/2010,20.2,0.02961
11/16/2010,22.58,0.02842
11/17/2010,21.76,0.02878
11/18/2010,18.75,0.02897
11/19/2010,18.04,0.02873
11/22/2010,18.37,0.02804
11/23/2010,20.63,0.02775
11/24/2010,19.56,0.02914
11/25/2010,19.56,0.0291
11/26/2010,22.22,0.02868
11/29/2010,21.53,0.02822
11/30/2010,23.54,0.02799
12/1/2010,21.36,0.02966
12/2/2010,19.39,0.0299
12/3/2010,18.01,0.03007
12/6/2010,18.02,0.02922
12/7/2010,17.99,0.03128
12/8/2010,17.74,0.03274
12/9/2010,17.25,0.03206
12/10/2010,17.61,0.03321
12/13/2010,17.55,0.03277
12/14/2010,17.61,0.03475
12/15/2010,17.94,0.03534
12/16/2010,17.39,0.03424
12/17/2010,16.11,0.0333
12/20/2010,16.41,0.03338
12/21/2010,16.49,0.03305
12/22/2010,15.45,0.03348
12/23/2010,16.47,0.03391
12/24/2010,16.47,0.03395
12/27/2010,17.67,0.03331
12/28/2010,17.52,0.03481
12/29/2010,17.28,0.03351
12/30/2010,17.52,0.03367
12/31/2010,17.75,0.03295
1/3/2011,17.61,0.03334
1/4/2011,17.38,0.03331
1/5/2011,17.02,0.03467
1/6/2011,17.4,0.03395
1/7/2011,17.14,0.03326
1/10/2011,17.54,0.03285
1/11/2011,16.89,0.03341
1/12/2011,16.24,0.03367
1/13/2011,16.39,0.03299
1/14/2011,15.46,0.03325
1/17/2011,15.46,0.03331
1/18/2011,15.87,0.03368
1/19/2011,17.31,0.03341
1/20/2011,17.99,0.03451
1/21/2011,18.47,0.03406
1/24/2011,17.65,0.03406
1/25/2011,17.59,0.0333
1/26/2011,16.64,0.03417
1/27/2011,16.15,0.03389
1/28/2011,20.04,0.03323
1/31/2011,19.53,0.03372
2/1/2011,17.63,0.03441
2/2/2011,17.3,0.03479
2/3/2011,16.69,0.03551
2/4/2011,15.93,0.03638
2/7/2011,16.28,0.03632
2/8/2011,15.81,0.03739
2/9/2011,15.87,0.03648
2/10/2011,16.09,0.03698
2/11/2011,15.69,0.03631
2/14/2011,15.95,0.03621
2/15/2011,16.37,0.03606
2/16/2011,16.72,0.03621
2/17/2011,16.59,0.03574
2/18/2011,16.43,0.03582
2/21/2011,16.43,0.03589
2/22/2011,20.8,0.03455
2/23/2011,22.13,0.03487
2/24/2011,21.32,0.0345
2/25/2011,19.22,0.03414
2/28/2011,18.35,0.03429
3/1/2011,21.01,0.03394
3/2/2011,20.7,0.03472
3/3/2011,18.6,0.03557
3/4/2011,19.06,0.03492
3/7/2011,20.66,0.03514
3/8/2011,19.82,0.0355
3/9/2011,20.22,0.03469
3/10/2011,21.88,0.0336
3/11/2011,20.08,0.03404
3/14/2011,21.13,0.03358
3/15/2011,24.32,0.03305
3/16/2011,29.4,0.03172
3/17/2011,26.37,0.03257
3/18/2011,24.44,0.0327
3/21/2011,20.61,0.0333
3/22/2011,20.21,0.03328
3/23/2011,19.17,0.03352
3/24/2011,18,0.03406
3/25/2011,17.91,0.03441
3/28/2011,19.44,0.03433
3/29/2011,18.16,0.03489
3/30/2011,17.71,0.03437
3/31/2011,17.74,0.03472
4/1/2011,17.4,0.03444
4/4/2011,17.5,0.0342
4/5/2011,17.25,0.03481
4/6/2011,16.9,0.03547
4/7/2011,17.11,0.03547
4/8/2011,17.87,0.03579
4/11/2011,16.59,0.03587
4/12/2011,17.09,0.03492
4/13/2011,16.92,0.0346
4/14/2011,16.27,0.035
4/15/2011,15.32,0.0341
4/18/2011,16.96,0.03376
4/19/2011,15.83,0.03365
4/20/2011,15.07,0.0341
4/21/2011,14.69,0.03398
4/22/2011,14.69,0.03393
4/25/2011,15.77,0.03365
4/26/2011,15.62,0.03309
4/27/2011,15.35,0.03357
4/28/2011,14.62,0.03312
4/29/2011,14.75,0.03288
5/2/2011,15.99,0.03281
5/3/2011,16.7,0.03249
5/4/2011,17.08,0.03218
5/5/2011,18.2,0.03152
5/6/2011,18.4,0.03148
5/9/2011,17.16,0.03162
5/10/2011,15.91,0.03214
5/11/2011,16.95,0.0316
5/12/2011,16.03,0.03223
5/13/2011,17.07,0.03171
5/16/2011,18.24,0.03148
5/17/2011,17.55,0.03117
5/18/2011,16.23,0.03181
5/19/2011,15.52,0.03172
5/20/2011,17.43,0.03146
5/23/2011,18.27,0.0313
5/24/2011,17.82,0.03115
5/25/2011,17.07,0.03131
5/26/2011,16.09,0.03058
5/27/2011,15.98,0.03074
5/30/2011,15.98,0.03074
5/31/2011,15.45,0.03062
6/1/2011,18.3,0.02942
6/2/2011,18.09,0.03031
6/3/2011,17.95,0.02987
6/6/2011,18.49,0.02996
6/7/2011,18.07,0.02996
6/8/2011,18.79,0.0294
6/9/2011,17.77,0.02998
6/10/2011,18.86,0.0297
6/13/2011,19.61,0.02985
6/14/2011,18.26,0.03098
6/15/2011,21.32,0.0297
6/16/2011,22.73,0.02928
6/17/2011,21.85,0.02945
6/20/2011,19.99,0.02959
6/21/2011,18.86,0.02984
6/22/2011,18.52,0.02983
6/23/2011,19.29,0.02913
6/24/2011,21.1,0.02864
6/27/2011,20.56,0.02931
6/28/2011,19.17,0.03032
6/29/2011,17.27,0.03113
6/30/2011,16.52,0.03161
7/1/2011,15.87,0.03183
7/4/2011,15.87,0.03183
7/5/2011,16.06,0.03122
7/6/2011,16.34,0.03109
7/7/2011,15.95,0.03139
7/8/2011,15.95,0.03028
7/11/2011,18.39,0.0292
7/12/2011,19.87,0.02878
7/13/2011,19.91,0.02883
7/14/2011,20.8,0.02954
7/15/2011,19.53,0.02907
7/18/2011,20.95,0.02929
7/19/2011,19.21,0.02881
7/20/2011,19.09,0.02928
7/21/2011,17.56,0.03015
7/22/2011,17.52,0.02963
7/25/2011,19.35,0.03002
7/26/2011,20.23,0.02954
7/27/2011,22.98,0.02981
7/28/2011,23.74,0.02946
7/29/2011,25.25,0.02797
8/1/2011,23.66,0.02745
8/2/2011,24.79,0.02612
8/3/2011,23.38,0.02621
8/4/2011,31.66,0.02404
8/5/2011,32,0.0256
8/8/2011,48,0.02319
8/9/2011,35.06,0.0225
8/10/2011,42.99,0.02107
8/11/2011,39,0.0234
8/12/2011,36.36,0.02256
8/15/2011,31.87,0.02306
8/16/2011,32.85,0.0222
8/17/2011,31.58,0.02166
8/18/2011,42.67,0.02063
8/19/2011,43.05,0.02064
8/22/2011,42.44,0.02107
8/23/2011,36.27,0.02154
8/24/2011,35.9,0.023
8/25/2011,39.76,0.0223
8/26/2011,35.59,0.02191
8/29/2011,32.28,0.02257
8/30/2011,32.89,0.02178
8/31/2011,31.62,0.02224
9/1/2011,31.82,0.02131
9/2/2011,33.92,0.01989
9/5/2011,33.92,0.01989
9/6/2011,37,0.01985
9/7/2011,33.38,0.02044
9/8/2011,34.32,0.0198
9/9/2011,38.52,0.0192
9/12/2011,38.59,0.01948
9/13/2011,36.91,0.01992
9/14/2011,34.6,0.01985
9/15/2011,31.97,0.02083
9/16/2011,30.98,0.02049
9/19/2011,32.73,0.01951
9/20/2011,32.86,0.01939
9/21/2011,37.32,0.01858
9/22/2011,41.35,0.01719
9/23/2011,41.25,0.01834
9/26/2011,39.02,0.01901
9/27/2011,37.71,0.01972
9/28/2011,41.08,0.01981
9/29/2011,38.84,0.01997
9/30/2011,42.96,0.01916
10/3/2011,45.45,0.01757
10/4/2011,40.82,0.01822
10/5/2011,37.81,0.01889
10/6/2011,36.27,0.01988
10/7/2011,36.2,0.02078
10/10/2011,33.02,0.02078
10/11/2011,32.86,0.02151
10/12/2011,31.26,0.02211
10/13/2011,30.7,0.02184
10/14/2011,28.24,0.02249
10/17/2011,33.39,0.02156
10/18/2011,31.56,0.02178
10/19/2011,34.44,0.02161
10/20/2011,34.78,0.0219
10/21/2011,31.32,0.0222
10/24/2011,29.26,0.02234
10/25/2011,32.22,0.0211
10/26/2011,29.86,0.02205
10/27/2011,25.46,0.02398
10/28/2011,24.53,0.02318
10/31/2011,29.96,0.02114
11/1/2011,34.77,0.0199
11/2/2011,32.74,0.01986
11/3/2011,30.5,0.02074
11/4/2011,30.16,0.02034
11/7/2011,29.85,0.02038
11/8/2011,27.48,0.02078
11/9/2011,36.16,0.01962
11/10/2011,32.81,0.02058
11/11/2011,30.04,0.02058
11/14/2011,31.13,0.02057
11/15/2011,31.22,0.02046
11/16/2011,33.51,0.02001
11/17/2011,34.51,0.01961
11/18/2011,32,0.02011
11/21/2011,32.91,0.01956
11/22/2011,31.97,0.01918
11/23/2011,33.98,0.01885
11/24/2011,33.98,0.01885
11/25/2011,34.47,0.01965
11/28/2011,32.13,0.01975
11/29/2011,30.64,0.01992
11/30/2011,27.8,0.02069
12/1/2011,27.41,0.02088
12/2/2011,27.52,0.02034
12/5/2011,27.84,0.02044
12/6/2011,28.13,0.0209
12/7/2011,28.67,0.0203
12/8/2011,30.59,0.01971
12/9/2011,26.38,0.02062
12/12/2011,25.67,0.02014
12/13/2011,25.41,0.01966
12/14/2011,26.04,0.01904
12/15/2011,25.11,0.01909
12/16/2011,24.29,0.01848
12/19/2011,24.92,0.0181
12/20/2011,23.22,0.01924
12/21/2011,21.43,0.01968
12/22/2011,21.16,0.01948
12/23/2011,20.73,0.02025
12/26/2011,20.73,0.02025
12/27/2011,21.91,0.02006
12/28/2011,23.52,0.01918
12/29/2011,22.65,0.019
12/30/2011,23.4,0.01877
1/2/2012,23.4,0.01877
1/3/2012,22.97,0.01948
1/4/2012,22.22,0.01978
1/5/2012,21.48,0.01996
1/6/2012,20.63,0.01959
1/9/2012,21.07,0.01959
1/10/2012,20.69,0.01969
1/11/2012,21.05,0.01905
1/12/2012,20.47,0.01924
1/13/2012,20.91,0.01864
1/16/2012,20.91,0.01864
1/17/2012,22.2,0.01857
1/18/2012,20.89,0.01899
1/19/2012,19.87,0.01978
1/20/2012,18.28,0.02025
1/23/2012,18.67,0.02052
1/24/2012,18.91,0.02061
1/25/2012,18.31,0.01995
1/26/2012,18.57,0.01932
1/27/2012,18.53,0.01892
1/30/2012,19.4,0.01845
1/31/2012,19.44,0.01798
2/1/2012,18.55,0.01827
2/2/2012,17.98,0.01822
2/3/2012,17.1,0.01923
2/6/2012,17.76,0.01907
2/7/2012,17.65,0.01974
2/8/2012,18.16,0.01983
2/9/2012,18.63,0.02037
2/10/2012,20.79,0.01987
2/13/2012,19.04,0.01975
2/14/2012,19.54,0.01937
2/15/2012,21.14,0.01928
2/16/2012,19.22,0.01984
2/17/2012,17.78,0.02003
2/20/2012,17.78,0.02003
2/21/2012,18.19,0.0206
2/22/2012,18.19,0.02004
2/23/2012,16.8,0.01997
2/24/2012,17.31,0.01977
2/27/2012,18.19,0.01926
2/28/2012,17.96,0.01944
2/29/2012,18.43,0.01972
3/1/2012,17.26,0.02027
3/2/2012,17.29,0.01975
3/5/2012,18.05,0.02011
3/6/2012,20.87,0.01944
3/7/2012,19.07,0.01976
3/8/2012,17.95,0.02013
3/9/2012,17.11,0.02029
3/12/2012,15.64,0.02034
3/13/2012,14.8,0.02127
3/14/2012,15.31,0.0227
3/15/2012,15.42,0.0228
3/16/2012,14.47,0.02295
3/19/2012,15.04,0.02378
3/20/2012,15.58,0.0236
3/21/2012,15.13,0.02297
3/22/2012,15.57,0.02279
3/23/2012,14.82,0.02233
3/26/2012,14.26,0.02249
3/27/2012,15.59,0.02184
3/28/2012,15.47,0.02201
3/29/2012,15.48,0.0216
3/30/2012,15.5,0.02211
4/2/2012,15.64,0.02183
4/3/2012,15.66,0.02301
4/4/2012,16.44,0.02224
4/5/2012,16.7,0.02181
4/6/2012,16.7,0.02055
4/9/2012,18.81,0.02048
4/10/2012,20.39,0.01983
4/11/2012,20.02,0.02036
4/12/2012,17.2,0.02052
4/13/2012,19.55,0.01983
4/16/2012,19.55,0.01981
4/17/2012,18.46,0.01999
4/18/2012,18.64,0.01976
4/19/2012,18.36,0.01967
4/20/2012,17.44,0.01964
4/23/2012,18.97,0.01936
4/24/2012,18.1,0.01974
4/25/2012,16.82,0.01985
4/26/2012,16.24,0.01939
4/27/2012,16.32,0.01936
4/30/2012,17.15,0.01915
5/1/2012,16.6,0.01944
5/2/2012,16.88,0.01929
5/3/2012,17.56,0.01932
5/4/2012,19.16,0.01879
5/7/2012,18.94,0.01872
5/8/2012,19.05,0.01841
5/9/2012,20.08,0.01824
5/10/2012,18.83,0.01868
5/11/2012,19.89,0.01838
5/14/2012,21.87,0.01765
5/15/2012,21.97,0.01769
5/16/2012,22.27,0.01761
5/17/2012,24.49,0.01698
5/18/2012,25.1,0.01723
5/21/2012,22.01,0.01742
5/22/2012,22.48,0.0177
5/23/2012,22.33,0.01735
5/24/2012,21.54,0.01778
5/25/2012,21.76,0.01739
5/28/2012,21.76,0.01739
5/29/2012,21.03,0.01746
5/30/2012,24.14,0.01623
5/31/2012,24.06,0.01559
6/1/2012,26.66,0.01453
6/4/2012,26.12,0.01525
6/5/2012,24.68,0.01575
6/6/2012,22.16,0.0166
6/7/2012,21.72,0.0164
6/8/2012,21.23,0.01636
6/11/2012,23.56,0.01587
6/12/2012,22.09,0.01665
6/13/2012,24.27,0.01594
6/14/2012,21.68,0.01643
6/15/2012,21.11,0.01578
6/18/2012,18.32,0.01575
6/19/2012,18.38,0.01621
6/20/2012,17.24,0.01658
6/21/2012,20.08,0.01617
6/22/2012,18.11,0.01675
6/25/2012,20.38,0.01603
6/26/2012,19.72,0.01627
6/27/2012,19.45,0.01619
6/28/2012,19.71,0.01578
6/29/2012,17.08,0.01646
7/2/2012,16.8,0.01589
7/3/2012,16.66,0.0163
7/4/2012,16.66,0.0163
7/5/2012,17.5,0.01598
7/6/2012,17.1,0.0155
7/9/2012,17.98,0.01513
7/10/2012,18.72,0.01502
7/11/2012,17.95,0.01518
7/12/2012,18.33,0.01475
7/13/2012,16.74,0.01488
7/16/2012,17.11,0.01473
7/17/2012,16.48,0.01509
7/18/2012,16.16,0.01495
7/19/2012,15.45,0.01509
7/20/2012,16.27,0.01458
7/23/2012,18.62,0.01427
7/24/2012,20.47,0.01388
7/25/2012,19.34,0.01398
7/26/2012,17.53,0.01439
7/27/2012,16.7,0.01547
7/30/2012,18.03,0.01503
7/31/2012,18.93,0.01469
8/1/2012,18.96,0.01525
8/2/2012,17.57,0.01479
8/3/2012,15.64,0.01564
8/6/2012,15.95,0.01567
8/7/2012,15.99,0.01629
8/8/2012,15.32,0.0165
8/9/2012,15.28,0.01689
8/10/2012,14.74,0.01658
8/13/2012,13.7,0.01665
8/14/2012,14.85,0.01739
8/15/2012,14.63,0.01816
8/16/2012,14.29,0.01835
8/17/2012,13.45,0.01811
8/20/2012,14.02,0.01806
8/21/2012,15.02,0.01799
8/22/2012,15.11,0.01692
8/23/2012,15.96,0.01679
8/24/2012,15.18,0.01687
8/27/2012,16.35,0.01651
8/28/2012,16.49,0.01634
8/29/2012,17.06,0.01651
8/30/2012,17.83,0.01624
8/31/2012,17.47,0.01549
9/3/2012,17.47,0.01549
9/4/2012,17.98,0.01573
9/5/2012,17.74,0.01597
9/6/2012,15.6,0.01679
9/7/2012,14.38,0.01669
9/10/2012,16.28,0.01655
9/11/2012,16.41,0.01701
9/12/2012,15.8,0.01758
9/13/2012,14.05,0.01724
9/14/2012,14.51,0.01867
9/17/2012,14.59,0.01842
9/18/2012,14.18,0.01809
9/19/2012,13.88,0.01773
9/20/2012,14.07,0.01765
9/21/2012,13.98,0.01754
9/24/2012,14.15,0.0171
9/25/2012,15.43,0.01667
9/26/2012,16.81,0.0161
9/27/2012,14.84,0.01655
9/28/2012,15.73,0.01634
10/1/2012,16.32,0.01626
10/2/2012,15.71,0.01621
10/3/2012,15.43,0.01615
10/4/2012,14.55,0.01674
10/5/2012,14.33,0.01744
10/8/2012,15.11,0.01744
10/9/2012,16.37,0.01714
10/10/2012,16.29,0.01675
10/11/2012,15.59,0.01671
10/12/2012,16.14,0.01657
10/15/2012,15.27,0.01664
10/16/2012,15.22,0.01719
10/17/2012,15.07,0.01819
10/18/2012,15.03,0.01835
10/19/2012,17.06,0.01764
10/22/2012,16.62,0.01814
10/23/2012,18.83,0.01758
10/24/2012,18.33,0.0179
10/25/2012,18.12,0.01824
10/26/2012,17.81,0.01746
10/29/2012,17.81,0.01719
10/30/2012,17.81,0.01719
10/31/2012,18.6,0.01691
11/1/2012,16.69,0.01725
11/2/2012,17.59,0.01716
11/5/2012,18.42,0.01685
11/6/2012,17.58,0.01752
11/7/2012,19.08,0.01648
11/8/2012,18.49,0.01616
11/9/2012,18.61,0.01607
11/12/2012,16.68,0.01607
11/13/2012,16.65,0.01595
11/14/2012,17.92,0.01592
11/15/2012,17.99,0.01594
11/16/2012,16.41,0.01581
11/19/2012,15.24,0.01614
11/20/2012,15.08,0.01667
11/21/2012,15.31,0.0168
11/22/2012,15.31,0.0168
11/23/2012,15.14,0.01691
11/26/2012,15.5,0.01663
11/27/2012,15.92,0.01638
11/28/2012,15.51,0.01629
11/29/2012,15.06,0.01616
11/30/2012,15.87,0.01616
12/3/2012,16.64,0.01622
12/4/2012,17.12,0.01604
12/5/2012,16.46,0.01588
12/6/2012,16.58,0.01587
12/7/2012,15.9,0.01622
12/10/2012,16.05,0.01617
12/11/2012,15.57,0.01655
12/12/2012,15.95,0.01699
12/13/2012,16.56,0.01731
12/14/2012,17,0.01702
12/17/2012,16.34,0.01773
12/18/2012,15.57,0.01818
12/19/2012,17.36,0.01802
12/20/2012,17.67,0.01797
12/21/2012,17.84,0.01764
12/24/2012,17.84,0.01775
12/25/2012,17.84,0.01775
12/26/2012,19.48,0.01752
12/27/2012,19.47,0.01737
12/28/2012,22.72,0.01702
12/31/2012,18.02,0.01758
1/1/2013,18.02,0.01758
1/2/2013,14.68,0.01838
1/3/2013,14.56,0.01913
1/4/2013,13.83,0.019
1/7/2013,13.79,0.01898
1/8/2013,13.62,0.01869
1/9/2013,13.81,0.01858
1/10/2013,13.49,0.01897
1/11/2013,13.36,0.01869
1/14/2013,13.52,0.01846
1/15/2013,13.55,0.01837
1/16/2013,13.42,0.01819
1/17/2013,13.57,0.0188
1/18/2013,12.46,0.01843
1/21/2013,12.46,0.01843
1/22/2013,12.43,0.01843
1/23/2013,12.46,0.01825
1/24/2013,12.69,0.01851
1/25/2013,12.89,0.0195
1/28/2013,13.57,0.01962
1/29/2013,13.31,0.02
1/30/2013,14.32,0.01993
1/31/2013,14.28,0.01986
2/1/2013,12.9,0.02016
2/4/2013,14.67,0.01956
2/5/2013,13.72,0.01999
2/6/2013,13.41,0.01961
2/7/2013,13.5,0.01958
2/8/2013,13.02,0.01951
2/11/2013,12.94,0.01964
2/12/2013,12.64,0.01978
2/13/2013,12.98,0.02029
2/14/2013,12.66,0.01998
2/15/2013,12.46,0.02003
2/18/2013,12.46,0.02003
2/19/2013,12.31,0.02029
2/20/2013,14.68,0.0201
2/21/2013,15.22,0.01977
2/22/2013,14.17,0.01963
2/25/2013,18.99,0.01865
2/26/2013,16.87,0.01882
2/27/2013,14.73,0.01902
2/28/2013,15.51,0.01876
3/1/2013,15.36,0.01842
3/4/2013,14.01,0.01876
3/5/2013,13.48,0.01899
3/6/2013,13.53,0.01938
3/7/2013,13.06,0.01997
3/8/2013,12.59,0.02044
3/11/2013,11.56,0.02058
3/12/2013,12.27,0.02017
3/13/2013,11.83,0.02022
3/14/2013,11.3,0.0203
3/15/2013,11.3,0.0199
3/18/2013,13.36,0.01956
3/19/2013,14.39,0.01903
3/20/2013,12.67,0.01959
3/21/2013,13.99,0.01912
3/22/2013,13.57,0.01926
3/25/2013,13.74,0.01921
3/26/2013,12.77,0.0191
3/27/2013,13.15,0.01846
3/28/2013,12.7,0.0185
3/29/2013,12.7,0.0185
4/1/2013,13.58,0.01832
4/2/2013,12.78,0.0186
4/3/2013,14.21,0.01812
4/4/2013,13.89,0.01763
4/5/2013,13.92,0.01714
4/8/2013,13.19,0.01747
4/9/2013,12.84,0.01751
4/10/2013,12.36,0.01804
4/11/2013,12.24,0.0179
4/12/2013,12.06,0.01722
4/15/2013,17.27,0.01681
4/16/2013,13.96,0.01723
4/17/2013,16.51,0.01696
4/18/2013,17.56,0.01686
4/19/2013,14.97,0.01706
4/22/2013,14.39,0.01694
4/23/2013,13.48,0.01707
4/24/2013,13.61,0.01706
4/25/2013,13.62,0.01709
4/26/2013,13.61,0.01664
4/29/2013,13.71,0.01671
4/30/2013,13.52,0.01673
5/1/2013,14.49,0.0163
5/2/2013,13.59,0.01626
5/3/2013,12.85,0.01739
5/6/2013,12.66,0.0176
5/7/2013,12.83,0.01779
5/8/2013,12.66,0.01767
5/9/2013,13.13,0.01812
5/10/2013,12.59,0.01898
5/13/2013,12.55,0.01921
5/14/2013,12.77,0.01975
5/15/2013,12.81,0.01936
5/16/2013,13.07,0.01882
5/17/2013,12.45,0.01951
5/20/2013,13.02,0.01966
5/21/2013,13.37,0.01927
5/22/2013,13.82,0.0204
5/23/2013,14.07,0.02017
5/24/2013,13.99,0.02009
5/27/2013,13.99,0.02009
5/28/2013,14.48,0.02166
5/29/2013,14.83,0.02116
5/30/2013,14.53,0.02112
5/31/2013,16.3,0.02129
6/3/2013,16.28,0.0212
6/4/2013,16.27,0.02147
6/5/2013,17.5,0.0209
6/6/2013,16.63,0.02078
6/7/2013,15.14,0.02173
6/10/2013,15.44,0.02211
6/11/2013,17.07,0.02186
6/12/2013,18.59,0.02229
6/13/2013,16.41,0.0215
6/14/2013,17.15,0.0213
6/17/2013,16.8,0.02183
6/18/2013,16.61,0.02186
6/19/2013,16.64,0.02354
6/20/2013,20.49,0.02415
6/21/2013,18.9,0.02532
6/24/2013,20.11,0.02538
6/25/2013,18.47,0.02609
6/26/2013,17.21,0.02536
6/27/2013,16.86,0.02473
6/28/2013,16.86,0.02487
7/1/2013,16.37,0.02477
7/2/2013,16.44,0.0247
7/3/2013,16.2,0.02504
7/4/2013,16.2,0.02504
7/5/2013,14.89,0.0274
7/8/2013,14.78,0.02637
7/9/2013,14.35,0.02635
7/10/2013,14.21,0.02625
7/11/2013,14.01,0.02573
7/12/2013,13.84,0.02583
7/15/2013,13.79,0.02538
7/16/2013,14.42,0.02533
7/17/2013,13.78,0.0249
7/18/2013,13.77,0.02529
7/19/2013,12.54,0.02485
7/22/2013,12.29,0.02481
7/23/2013,12.66,0.02506
7/24/2013,13.18,0.02589
7/25/2013,12.97,0.02572
7/26/2013,12.72,0.02563
7/29/2013,13.39,0.02603
7/30/2013,13.39,0.02611
7/31/2013,13.45,0.02577
8/1/2013,12.94,0.02707
8/2/2013,11.98,0.02597
8/5/2013,11.84,0.02634
8/6/2013,12.72,0.02643
8/7/2013,12.98,0.026
8/8/2013,12.73,0.0259
8/9/2013,13.41,0.02579
8/12/2013,12.81,0.02621
8/13/2013,12.31,0.0272
8/14/2013,13.04,0.02714
8/15/2013,14.73,0.02767
8/16/2013,14.37,0.02826
8/19/2013,15.1,0.02881
8/20/2013,14.91,0.02815
8/21/2013,15.94,0.02894
8/22/2013,14.76,0.02885
8/23/2013,13.98,0.02816
8/26/2013,14.99,0.02786
8/27/2013,16.77,0.0271
8/28/2013,16.49,0.02766
8/29/2013,16.81,0.02763
8/30/2013,17.01,0.02785
9/2/2013,17.01,0.02785
9/3/2013,16.61,0.02859
9/4/2013,15.88,0.02898
9/5/2013,15.77,0.02995
9/6/2013,15.85,0.02935
9/9/2013,15.63,0.02913
9/10/2013,14.53,0.02965
9/11/2013,13.82,0.02913
9/12/2013,14.29,0.0291
9/13/2013,14.16,0.02886
9/16/2013,14.38,0.02865
9/17/2013,14.53,0.02848
9/18/2013,13.59,0.02689
9/19/2013,13.16,0.02753
9/20/2013,13.12,0.02735
9/23/2013,14.31,0.02701
9/24/2013,14.08,0.02656
9/25/2013,14.01,0.02629
9/26/2013,14.06,0.02651
9/27/2013,15.46,0.02625
9/30/2013,16.6,0.02611
10/1/2013,15.54,0.02651
10/2/2013,16.6,0.02618
10/3/2013,17.67,0.02606
10/4/2013,16.74,0.02646
10/7/2013,19.41,0.02627
10/8/2013,20.34,0.02633
10/9/2013,19.6,0.02664
10/10/2013,16.48,0.02682
10/11/2013,15.72,0.02688
10/14/2013,16.07,0.02688
10/15/2013,18.66,0.02729
10/16/2013,14.71,0.02664
10/17/2013,13.48,0.0259
10/18/2013,13.04,0.02579
10/21/2013,13.16,0.02602
10/22/2013,13.33,0.02513
10/23/2013,13.42,0.02503
10/24/2013,13.2,0.02521
10/25/2013,13.09,0.0251
10/28/2013,13.31,0.02524
10/29/2013,13.41,0.02504
10/30/2013,13.65,0.02539
10/31/2013,13.75,0.02555
11/1/2013,13.28,0.02623
11/4/2013,12.93,0.02604
11/5/2013,13.27,0.02671
11/6/2013,12.67,0.02643
11/7/2013,13.91,0.02601
11/8/2013,12.9,0.02749
11/11/2013,12.53,0.02749
11/12/2013,12.82,0.02774
11/13/2013,12.52,0.027
11/14/2013,12.37,0.02691
11/15/2013,12.19,0.02704
11/18/2013,13.1,0.02667
11/19/2013,13.39,0.02708
11/20/2013,13.4,0.028
11/21/2013,12.66,0.02785
11/22/2013,12.26,0.02744
11/25/2013,12.79,0.02729
11/26/2013,12.81,0.02709
11/27/2013,12.98,0.02738
11/28/2013,12.98,0.02738
11/29/2013,13.7,0.02745
12/2/2013,14.23,0.02796
12/3/2013,14.55,0.02783
12/4/2013,14.7,0.02835
12/5/2013,15.08,0.02873
12/6/2013,13.79,0.02856
12/9/2013,13.49,0.0284
12/10/2013,13.91,0.02802
12/11/2013,15.42,0.02854
12/12/2013,15.54,0.02878
12/13/2013,15.76,0.02866
12/16/2013,16.03,0.02879
12/17/2013,16.21,0.02836
12/18/2013,13.8,0.02894
12/19/2013,14.15,0.0293
12/20/2013,13.79,0.0289
12/23/2013,13.04,0.02928
12/24/2013,12.48,0.02979
12/25/2013,12.48,0.02979
12/26/2013,12.33,0.02991
12/27/2013,12.46,0.03001
12/30/2013,13.56,0.02971
12/31/2013,13.72,0.03029
1/1/2014,13.72,0.03029
1/2/2014,14.23,0.0299
1/3/2014,13.76,0.02996
1/6/2014,13.55,0.02959
1/7/2014,12.92,0.0294
1/8/2014,12.87,0.0299
1/9/2014,12.89,0.02966
1/10/2014,12.14,0.02859
1/13/2014,13.28,0.02827
1/14/2014,12.28,0.02872
1/15/2014,12.28,0.02892
1/16/2014,12.53,0.02842
1/17/2014,12.44,0.0282
1/20/2014,12.44,0.0282
1/21/2014,12.87,0.0283
1/22/2014,12.84,0.02866
1/23/2014,13.77,0.02778
1/24/2014,18.14,0.02716
1/27/2014,17.42,0.02749
1/28/2014,15.8,0.0275
1/29/2014,17.35,0.02678
1/30/2014,17.29,0.02696
1/31/2014,18.41,0.02645
2/3/2014,21.44,0.02577
2/4/2014,19.11,0.0263
2/5/2014,19.95,0.02668
2/6/2014,17.23,0.02701
2/7/2014,15.29,0.02684
2/10/2014,15.26,0.02668
2/11/2014,14.51,0.02726
2/12/2014,14.3,0.02762
2/13/2014,14.14,0.02733
2/14/2014,13.57,0.02744
2/17/2014,13.57,0.02744
2/18/2014,13.87,0.02708
2/19/2014,15.5,0.0274
2/20/2014,14.79,0.02752
2/21/2014,14.68,0.02732
2/24/2014,14.23,0.02739
2/25/2014,13.67,0.02703
2/26/2014,14.35,0.02666
2/27/2014,14.04,0.0264
2/28/2014,14,0.02648
3/3/2014,16,0.02602
3/4/2014,14.1,0.02699
3/5/2014,13.89,0.02706
3/6/2014,14.21,0.02738
3/7/2014,14.11,0.02789
3/10/2014,14.2,0.02778
3/11/2014,14.8,0.02769
3/12/2014,14.47,0.02731
3/13/2014,16.22,0.02645
3/14/2014,17.82,0.02655
3/17/2014,15.64,0.02693
3/18/2014,14.52,0.02673
3/19/2014,15.12,0.02773
3/20/2014,14.52,0.02773
3/21/2014,15,0.02743
3/24/2014,15.09,0.02729
3/25/2014,14.02,0.02749
3/26/2014,14.93,0.02693
3/27/2014,14.62,0.02682
3/28/2014,14.41,0.02722
3/31/2014,13.88,0.02719
4/1/2014,13.1,0.02753
4/2/2014,13.09,0.02805
4/3/2014,13.37,0.02798
4/4/2014,13.96,0.02722
4/7/2014,15.57,0.02701
4/8/2014,14.89,0.02682
4/9/2014,13.82,0.02691
4/10/2014,15.89,0.02648
4/11/2014,17.03,0.02626
4/14/2014,16.11,0.02648
4/15/2014,15.61,0.02629
4/16/2014,14.18,0.02629
4/17/2014,13.36,0.02722
4/18/2014,13.36,0.02722
4/21/2014,13.25,0.02716
4/22/2014,13.19,0.02711
4/23/2014,13.27,0.027
4/24/2014,13.32,0.02681
4/25/2014,14.06,0.02663
4/28/2014,13.97,0.02701
4/29/2014,13.71,0.02692
4/30/2014,13.41,0.02647
5/1/2014,13.25,0.02614
5/2/2014,12.91,0.02585
5/5/2014,13.29,0.02608
5/6/2014,13.8,0.02592
5/7/2014,13.4,0.02589
5/8/2014,13.43,0.02617
5/9/2014,12.92,0.02624
5/12/2014,12.23,0.02662
5/13/2014,12.13,0.0261
5/14/2014,12.17,0.02544
5/15/2014,13.17,0.0249
5/16/2014,12.44,0.02524
5/19/2014,12.42,0.02545
5/20/2014,12.96,0.02512
5/21/2014,11.91,0.02533
5/22/2014,12.03,0.02551
5/23/2014,11.36,0.02533
5/26/2014,11.36,0.02533
5/27/2014,11.51,0.02515
5/28/2014,11.68,0.02444
5/29/2014,11.57,0.02465
5/30/2014,11.4,0.02477
6/2/2014,11.58,0.02528
6/3/2014,11.87,0.02599
6/4/2014,12.08,0.02603
6/5/2014,11.68,0.02583
6/6/2014,10.73,0.02588
6/9/2014,11.15,0.02604
6/10/2014,10.99,0.02645
6/11/2014,11.6,0.0264
6/12/2014,12.56,0.02596
6/13/2014,12.18,0.02604
6/16/2014,12.65,0.02598
6/17/2014,12.06,0.02653
6/18/2014,10.61,0.02585
6/19/2014,10.62,0.02621
6/20/2014,10.85,0.02606
6/23/2014,10.98,0.02627
6/24/2014,12.13,0.02579
6/25/2014,11.59,0.0256
6/26/2014,11.63,0.02529
6/27/2014,11.26,0.02535
6/30/2014,11.57,0.02531
7/1/2014,11.15,0.02566
7/2/2014,10.82,0.02627
7/3/2014,10.32,0.02639
7/4/2014,10.32,0.02639
7/7/2014,11.33,0.02612
7/8/2014,11.98,0.02557
7/9/2014,11.65,0.02551
7/10/2014,12.59,0.02537
7/11/2014,12.08,0.02517
7/14/2014,11.82,0.02548
7/15/2014,11.96,0.02548
7/16/2014,11,0.02527
7/17/2014,14.54,0.02447
7/18/2014,12.06,0.02482
7/21/2014,12.81,0.02468
7/22/2014,12.24,0.02461
7/23/2014,11.52,0.02466
7/24/2014,11.84,0.02503
7/25/2014,12.69,0.02466
7/28/2014,12.56,0.02486
7/29/2014,13.28,0.02461
7/30/2014,13.33,0.02558
7/31/2014,16.95,0.02559
8/1/2014,17.03,0.02493
8/4/2014,15.12,0.02483
8/5/2014,16.87,0.02485
8/6/2014,16.37,0.02472
8/7/2014,16.66,0.02412
8/8/2014,15.77,0.02421
8/11/2014,14.23,0.02428
8/12/2014,14.13,0.0245
8/13/2014,12.9,0.02418
8/14/2014,12.42,0.02402
8/15/2014,13.15,0.02341
8/18/2014,12.32,0.02394
8/19/2014,12.21,0.02401
8/20/2014,11.78,0.02427
8/21/2014,11.76,0.02408
8/22/2014,11.47,0.02403
8/25/2014,11.7,0.02383
8/26/2014,11.63,0.02397
8/27/2014,11.78,0.02358
8/28/2014,12.05,0.02337
8/29/2014,11.98,0.02344
9/1/2014,11.98,0.02344
9/2/2014,12.25,0.02422
9/3/2014,12.36,0.02397
9/4/2014,12.64,0.02451
9/5/2014,12.09,0.0246
9/8/2014,12.66,0.02472
9/9/2014,13.5,0.02504
9/10/2014,12.88,0.02542
9/11/2014,12.8,0.02551
9/12/2014,13.31,0.02611
9/15/2014,14.12,0.0259
9/16/2014,12.73,0.02593
9/17/2014,12.65,0.02621
9/18/2014,12.03,0.02615
9/19/2014,12.11,0.02575
9/22/2014,13.69,0.02565
9/23/2014,14.93,0.02528
9/24/2014,13.27,0.02565
9/25/2014,15.64,0.02503
9/26/2014,14.85,0.02529
9/29/2014,15.98,0.02478
9/30/2014,16.31,0.0249
10/1/2014,16.71,0.02386
10/2/2014,16.16,0.02426
10/3/2014,14.55,0.02435
10/6/2014,15.46,0.02421
10/7/2014,17.2,0.0234
10/8/2014,15.11,0.02322
10/9/2014,18.76,0.02314
10/10/2014,21.24,0.02281
10/13/2014,24.64,0.02281
10/14/2014,22.79,0.02198
10/15/2014,26.25,0.02137
10/16/2014,25.2,0.02157
10/17/2014,21.99,0.02194
10/20/2014,18.57,0.02192
10/21/2014,16.08,0.02223
10/22/2014,17.87,0.02217
10/23/2014,16.53,0.02272
10/24/2014,16.11,0.02269
10/27/2014,16.04,0.02261
10/28/2014,14.39,0.02297
10/29/2014,15.15,0.02318
10/30/2014,14.52,0.02306
10/31/2014,14.03,0.02336
11/3/2014,14.73,0.02343
11/4/2014,14.89,0.02334
11/5/2014,14.17,0.02343
11/6/2014,13.67,0.02387
11/7/2014,13.12,0.02298
11/10/2014,12.67,0.02361
11/11/2014,12.92,0.02361
11/12/2014,13.02,0.02372
11/13/2014,13.79,0.02341
11/14/2014,13.31,0.02321
11/17/2014,13.99,0.02341
11/18/2014,13.86,0.02316
11/19/2014,13.96,0.0236
11/20/2014,13.58,0.02338
11/21/2014,12.9,0.02311
11/24/2014,12.62,0.02307
11/25/2014,12.25,0.02258
11/26/2014,12.07,0.02246
11/27/2014,12.07,0.02246
11/28/2014,13.33,0.02165
12/1/2014,14.29,0.02236
12/2/2014,12.85,0.02293
12/3/2014,12.47,0.02281
12/4/2014,12.38,0.02235
12/5/2014,11.82,0.02307
12/8/2014,14.21,0.02258
12/9/2014,14.89,0.02214
12/10/2014,18.53,0.02165
12/11/2014,20.08,0.02163
12/12/2014,21.08,0.02083
12/15/2014,20.42,0.02119
12/16/2014,23.57,0.0206
12/17/2014,19.44,0.02137
12/18/2014,16.81,0.02208
12/19/2014,16.49,0.02163
12/22/2014,15.25,0.02159
12/23/2014,14.8,0.02262
12/24/2014,14.37,0.02264
12/25/2014,14.37,0.02264
12/26/2014,14.5,0.02251
12/29/2014,15.06,0.02203
12/30/2014,15.92,0.02188
12/31/2014,19.2,0.02172
1/1/2015,19.2,0.02172
1/2/2015,17.79,0.02111
1/5/2015,19.92,0.02033
1/6/2015,21.12,0.01941
1/7/2015,19.31,0.01969
1/8/2015,17.01,0.02019
1/9/2015,17.55,0.01946
1/12/2015,19.6,0.01908
1/13/2015,20.56,0.01901
1/14/2015,21.48,0.01856
1/15/2015,22.39,0.01716
1/16/2015,20.95,0.01838
1/19/2015,20.95,0.01838
1/20/2015,19.89,0.01789
1/21/2015,18.85,0.01873
1/22/2015,16.4,0.01864
1/23/2015,16.66,0.01798
1/26/2015,15.52,0.01825
1/27/2015,17.22,0.01824
1/28/2015,20.44,0.01722
1/29/2015,18.76,0.01752
1/30/2015,20.97,0.01642
2/2/2015,19.43,0.01665
2/3/2015,17.33,0.01792
2/4/2015,18.33,0.01752
2/5/2015,16.85,0.01821
2/6/2015,17.29,0.01958
2/9/2015,18.55,0.01978
2/10/2015,17.23,0.01998
2/11/2015,16.96,0.02018
2/12/2015,15.34,0.01985
2/13/2015,14.69,0.02051
2/16/2015,14.69,0.02051
2/17/2015,15.8,0.02139
2/18/2015,15.45,0.02081
2/19/2015,15.29,0.02115
2/20/2015,14.3,0.02113
2/23/2015,14.56,0.02058
2/24/2015,13.69,0.01981
2/25/2015,13.84,0.0197
2/26/2015,13.91,0.0203
2/27/2015,13.34,0.01994
3/2/2015,13.04,0.02083
3/3/2015,13.86,0.0212
3/4/2015,14.23,0.02118
3/5/2015,14.04,0.02116
3/6/2015,15.2,0.02242
3/9/2015,15.06,0.02192
3/10/2015,16.69,0.02131
3/11/2015,16.87,0.02109
3/12/2015,15.42,0.02117
3/13/2015,16,0.02115
3/16/2015,15.61,0.02073
3/17/2015,15.66,0.02051
3/18/2015,13.97,0.01921
3/19/2015,14.07,0.01969
3/20/2015,13.02,0.01931
3/23/2015,13.41,0.01912
3/24/2015,13.62,0.01874
3/25/2015,15.44,0.01926
3/26/2015,15.8,0.0199
3/27/2015,15.07,0.01962
3/30/2015,14.51,0.01948
3/31/2015,15.29,0.01924
4/1/2015,15.11,0.01858
4/2/2015,14.67,0.01912
4/3/2015,14.67,0.0184
4/6/2015,14.74,0.01896
4/7/2015,14.78,0.01886
4/8/2015,13.98,0.01906
4/9/2015,13.09,0.0196
4/10/2015,12.58,0.01948
4/13/2015,13.94,0.01928
4/14/2015,13.67,0.01899
4/15/2015,12.84,0.01889
4/16/2015,12.6,0.01891
4/17/2015,13.89,0.01866
4/20/2015,13.3,0.0189
4/21/2015,13.25,0.0191
4/22/2015,12.71,0.0198
4/23/2015,12.48,0.01959
4/24/2015,12.29,0.01909
4/27/2015,13.12,0.01922
4/28/2015,12.41,0.02004
4/29/2015,13.39,0.0204
4/30/2015,14.55,0.02033
5/1/2015,12.7,0.02114
5/4/2015,12.85,0.02145
5/5/2015,14.31,0.02186
5/6/2015,15.15,0.02244
5/7/2015,15.13,0.02181
5/8/2015,12.86,0.02149
5/11/2015,13.85,0.02281
5/12/2015,13.86,0.0225
5/13/2015,13.76,0.02294
5/14/2015,12.74,0.02231
5/15/2015,12.38,0.02143
5/18/2015,12.73,0.02235
5/19/2015,12.85,0.02289
5/20/2015,12.88,0.02249
5/21/2015,12.11,0.02191
5/22/2015,12.13,0.0221
5/25/2015,12.13,0.0221
5/26/2015,14.06,0.0214
5/27/2015,13.27,0.02129
5/28/2015,13.31,0.02136
5/29/2015,13.84,0.02122
6/1/2015,13.97,0.0218
6/2/2015,14.24,0.02263
6/3/2015,13.66,0.02365
6/4/2015,14.71,0.02308
6/5/2015,14.21,0.02408
6/8/2015,15.29,0.02383
6/9/2015,14.47,0.02439
6/10/2015,13.22,0.02485
6/11/2015,12.85,0.02378
6/12/2015,13.78,0.02393
6/15/2015,15.39,0.02357
6/16/2015,14.81,0.0231
6/17/2015,14.5,0.02317
6/18/2015,13.19,0.02335
6/19/2015,13.96,0.02259
6/22/2015,12.74,0.02373
6/23/2015,12.11,0.0241
6/24/2015,13.26,0.02368
6/25/2015,14.01,0.0241
6/26/2015,14.02,0.02474
6/29/2015,18.85,0.02325
6/30/2015,18.23,0.02354
7/1/2015,16.09,0.02423
7/2/2015,16.79,0.02383
7/3/2015,16.79,0.02383
7/6/2015,17.01,0.02286
7/7/2015,16.09,0.02259
7/8/2015,19.66,0.02193
7/9/2015,19.97,0.02322
7/10/2015,16.83,0.02398
7/13/2015,13.9,0.02455
7/14/2015,13.37,0.02402
7/15/2015,13.23,0.02353
7/16/2015,12.11,0.02351
7/17/2015,11.95,0.02348
7/20/2015,12.25,0.02373
7/21/2015,12.22,0.02326
7/22/2015,12.12,0.02324
7/23/2015,12.64,0.02269
7/24/2015,13.74,0.02263
7/27/2015,15.6,0.02218
7/28/2015,13.44,0.02251
7/29/2015,12.5,0.02287
7/30/2015,12.13,0.0226
7/31/2015,12.12,0.02181
8/3/2015,12.56,0.02149
8/4/2015,13,0.02222
8/5/2015,12.51,0.02271
8/6/2015,13.77,0.02222
8/7/2015,13.39,0.02163
8/10/2015,12.23,0.02228
8/11/2015,13.71,0.02142
8/12/2015,13.61,0.02149
8/13/2015,13.49,0.02186
8/14/2015,12.83,0.02199
8/17/2015,13.02,0.02169
8/18/2015,13.79,0.02193
8/19/2015,15.25,0.02126
8/20/2015,19.14,0.02069
8/21/2015,28.03,0.02037
8/24/2015,40.74,0.02004
8/25/2015,36.02,0.02072
8/26/2015,30.32,0.02176
8/27/2015,26.1,0.02185
8/28/2015,26.05,0.02182
8/31/2015,28.43,0.02219
9/1/2015,31.4,0.02153
9/2/2015,26.09,0.02185
9/3/2015,25.61,0.0216
9/4/2015,27.8,0.02125
9/7/2015,27.8,0.02125
9/8/2015,24.9,0.02184
9/9/2015,26.23,0.02202
9/10/2015,24.37,0.02223
9/11/2015,23.2,0.02189
9/14/2015,24.25,0.02184
9/15/2015,22.54,0.02288
9/16/2015,21.35,0.02295
9/17/2015,21.14,0.02191
9/18/2015,22.28,0.02134
9/21/2015,20.14,0.02202
9/22/2015,22.44,0.02135
9/23/2015,22.13,0.02151
9/24/2015,23.47,0.02128
9/25/2015,23.62,0.02163
9/28/2015,27.63,0.02096
9/29/2015,26.83,0.02052
9/30/2015,24.5,0.02038
10/1/2015,22.55,0.02038
10/2/2015,20.94,0.01994
10/5/2015,19.54,0.02057
10/6/2015,19.4,0.02032
10/7/2015,18.4,0.02068
10/8/2015,17.42,0.02105
10/9/2015,17.08,0.02089
10/12/2015,16.17,0.02089
10/13/2015,17.67,0.02045
10/14/2015,18.03,0.01973
10/15/2015,16.05,0.02018
10/16/2015,15.05,0.02034
10/19/2015,14.98,0.02024
10/20/2015,15.75,0.02068
10/21/2015,16.7,0.02024
10/22/2015,14.45,0.02027
10/23/2015,14.46,0.02088
10/26/2015,15.29,0.02057
10/27/2015,15.43,0.02038
10/28/2015,14.33,0.02102
10/29/2015,14.61,0.02173
10/30/2015,15.07,0.02143
11/2/2015,14.15,0.02172
11/3/2015,14.54,0.02211
11/4/2015,15.51,0.02226
11/5/2015,15.05,0.02233
11/6/2015,14.33,0.02326
11/9/2015,16.52,0.02344
11/10/2015,15.29,0.02343
11/11/2015,16.06,0.02333
11/12/2015,18.37,0.02312
11/13/2015,20.08,0.02267
11/16/2015,18.16,0.02268
11/17/2015,18.84,0.02267
11/18/2015,16.85,0.02274
11/19/2015,16.99,0.02249
11/20/2015,15.47,0.02263
11/23/2015,15.62,0.02239
11/24/2015,15.93,0.02239
11/25/2015,15.19,0.02235
11/26/2015,15.19,0.02235
11/27/2015,15.12,0.02221
11/30/2015,16.13,0.02207
12/1/2015,14.67,0.02144
12/2/2015,15.91,0.02181
12/3/2015,18.11,0.02314
12/4/2015,14.81,0.0227
12/7/2015,15.84,0.0223
12/8/2015,17.6,0.02219
12/9/2015,19.61,0.02217
12/10/2015,19.34,0.02231
12/11/2015,24.39,0.02128
12/14/2015,22.73,0.02223
12/15/2015,20.95,0.02267
12/16/2015,17.86,0.02297
12/17/2015,18.94,0.02224
12/18/2015,20.7,0.02205
12/21/2015,18.7,0.02193
12/22/2015,16.6,0.02237
12/23/2015,15.57,0.02254
12/24/2015,15.74,0.02242
12/25/2015,15.74,0.02242
12/28/2015,16.91,0.02231
12/29/2015,16.08,0.02306
12/30/2015,17.29,0.02295
12/31/2015,18.21,0.0227
1/1/2016,18.21,0.0227
1/4/2016,20.7,0.02244
1/5/2016,19.34,0.02237
1/6/2016,20.59,0.02171
1/7/2016,24.99,0.02146
1/8/2016,27.01,0.02116
1/11/2016,24.3,0.02176
1/12/2016,22.47,0.02104
1/13/2016,25.22,0.02094
1/14/2016,23.95,0.02088
1/15/2016,27.02,0.02036
1/18/2016,27.02,0.02036
1/19/2016,26.05,0.02057
1/20/2016,27.59,0.01983
1/21/2016,26.69,0.02032
1/22/2016,22.34,0.02053
1/25/2016,24.15,0.02002
1/26/2016,22.5,0.01995
1/27/2016,23.11,0.02
1/28/2016,22.42,0.01979
1/29/2016,20.2,0.01922
2/1/2016,19.98,0.01949
2/2/2016,21.98,0.01846
2/3/2016,21.65,0.01887
2/4/2016,21.84,0.0184
2/5/2016,23.38,0.01837
2/8/2016,26,0.01749
2/9/2016,26.54,0.01727
2/10/2016,26.29,0.01669
2/11/2016,28.14,0.0166
2/12/2016,25.4,0.01749
2/15/2016,25.4,0.01749
2/16/2016,24.11,0.01773
2/17/2016,22.31,0.0182
2/18/2016,21.64,0.0174
2/19/2016,20.53,0.01746
2/22/2016,19.38,0.01753
2/23/2016,20.98,0.01723
2/24/2016,20.72,0.01749
2/25/2016,19.11,0.01717
2/26/2016,19.81,0.01763
2/29/2016,20.55,0.01736
3/1/2016,17.7,0.01826
3/2/2016,17.09,0.01841
3/3/2016,16.7,0.01835
3/4/2016,16.86,0.01875
3/7/2016,17.35,0.01907
3/8/2016,18.67,0.0183
3/9/2016,18.34,0.01877
3/10/2016,18.05,0.01933
3/11/2016,16.5,0.01985
3/14/2016,16.92,0.0196
3/15/2016,16.84,0.01971
3/16/2016,14.99,0.01909
3/17/2016,14.44,0.01897
3/18/2016,14.02,0.01874
3/21/2016,13.79,0.01916
3/22/2016,14.17,0.01941
3/23/2016,14.94,0.0188
3/24/2016,14.74,0.01901
3/25/2016,14.74,0.01901
3/28/2016,15.24,0.01887
3/29/2016,13.82,0.01804
3/30/2016,13.56,0.01824
3/31/2016,13.95,0.0177
4/1/2016,13.1,0.01771
4/4/2016,14.12,0.01763
4/5/2016,15.42,0.01721
4/6/2016,14.09,0.01756
4/7/2016,16.16,0.0169
4/8/2016,15.36,0.01718
4/11/2016,16.26,0.01726
4/12/2016,14.85,0.01777
4/13/2016,13.84,0.01765
4/14/2016,13.72,0.01793
4/15/2016,13.62,0.01753
4/18/2016,13.35,0.01772
4/19/2016,13.24,0.01786
4/20/2016,13.28,0.01846
4/21/2016,13.95,0.01862
4/22/2016,13.22,0.01889
4/25/2016,14.08,0.01914
4/26/2016,13.96,0.01928
4/27/2016,13.77,0.01852
4/28/2016,15.22,0.01825
4/29/2016,15.7,0.01834
5/2/2016,14.68,0.01873
5/3/2016,15.6,0.01797
5/4/2016,16.05,0.01776
5/5/2016,15.91,0.01746
5/6/2016,14.72,0.0178
5/9/2016,14.57,0.01752
5/10/2016,13.63,0.01762
5/11/2016,14.69,0.01738
5/12/2016,14.41,0.01752
5/13/2016,15.04,0.01701
5/16/2016,14.68,0.01754
5/17/2016,15.57,0.01773
5/18/2016,15.95,0.01855
5/19/2016,16.33,0.0185
5/20/2016,15.2,0.01839
5/23/2016,15.82,0.01836
5/24/2016,14.42,0.01864
5/25/2016,13.9,0.01867
5/26/2016,13.43,0.01829
5/27/2016,13.12,0.01852
5/30/2016,13.12,0.01852
5/31/2016,14.19,0.01847
6/1/2016,14.2,0.01836
6/2/2016,13.63,0.018
6/3/2016,13.47,0.01701
6/6/2016,13.65,0.01738
6/7/2016,14.05,0.01719
6/8/2016,14.08,0.01703
6/9/2016,14.64,0.01688
6/10/2016,17.03,0.01641
6/13/2016,20.97,0.0161
6/14/2016,20.5,0.01614
6/15/2016,20.14,0.01573
6/16/2016,19.37,0.0158
6/17/2016,19.41,0.01609
6/20/2016,18.37,0.01689
6/21/2016,18.48,0.01707
6/22/2016,21.17,0.01686
6/23/2016,17.25,0.01747
6/24/2016,25.76,0.01561
6/27/2016,23.85,0.01439
6/28/2016,18.75,0.01467
6/29/2016,16.64,0.01516
6/30/2016,15.63,0.01471
7/1/2016,14.77,0.01445
7/4/2016,14.77,0.01445
7/5/2016,15.58,0.01376
7/6/2016,14.96,0.01369
7/7/2016,14.76,0.01386
7/8/2016,13.2,0.01359
7/11/2016,13.54,0.01431
7/12/2016,13.55,0.01511
7/13/2016,13.04,0.01475
7/14/2016,12.82,0.01536
7/15/2016,12.67,0.01552
7/18/2016,12.44,0.01583
7/19/2016,11.97,0.01553
7/20/2016,11.77,0.01581
7/21/2016,12.74,0.01557
7/22/2016,12.02,0.01567
7/25/2016,12.87,0.01574
7/26/2016,13.05,0.01562
7/27/2016,12.83,0.01498
7/28/2016,12.72,0.01505
7/29/2016,11.87,0.01454
8/1/2016,12.44,0.01522
8/2/2016,13.37,0.01557
8/3/2016,12.86,0.01543
8/4/2016,12.42,0.01502
8/5/2016,11.39,0.01589
8/8/2016,11.5,0.01593
8/9/2016,11.66,0.01548
8/10/2016,12.05,0.01508
8/11/2016,11.68,0.0156
8/12/2016,11.55,0.01514
8/15/2016,11.81,0.01558
8/16/2016,12.64,0.01575
8/17/2016,12.19,0.0155
8/18/2016,11.43,0.01536
8/19/2016,11.34,0.01579
8/22/2016,12.27,0.01543
8/23/2016,12.38,0.01547
8/24/2016,13.45,0.01562
8/25/2016,13.63,0.01574
8/26/2016,13.65,0.0163
8/29/2016,12.94,0.0156
8/30/2016,13.12,0.01567
8/31/2016,13.42,0.01581
9/1/2016,13.48,0.01569
9/2/2016,11.98,0.01603
9/5/2016,11.98,0.01603
9/6/2016,12.02,0.01535
9/7/2016,11.94,0.0154
9/8/2016,12.51,0.016
9/9/2016,17.5,0.01676
9/12/2016,15.16,0.01664
9/13/2016,17.85,0.01728
9/14/2016,18.14,0.01698
9/15/2016,16.3,0.01692
9/16/2016,15.37,0.01693
9/19/2016,15.53,0.01713
9/20/2016,15.92,0.0169
9/21/2016,13.3,0.01652
9/22/2016,12.02,0.01619
9/23/2016,12.29,0.01619
9/26/2016,14.5,0.01585
9/27/2016,13.1,0.01557
9/28/2016,12.39,0.01573
9/29/2016,14.02,0.01561
9/30/2016,13.29,0.01595
10/3/2016,13.57,0.01623
10/4/2016,13.63,0.01687
10/5/2016,12.99,0.01703
10/6/2016,12.84,0.01738
10/7/2016,13.48,0.01719
10/10/2016,13.38,0.01719
10/11/2016,15.36,0.01765
10/12/2016,15.91,0.0177
10/13/2016,16.69,0.01742
10/14/2016,16.12,0.01799
10/17/2016,16.21,0.01767
10/18/2016,15.28,0.01739
10/19/2016,14.41,0.01744
10/20/2016,13.75,0.01757
10/21/2016,13.34,0.01736
10/24/2016,13.02,0.01766
10/25/2016,13.46,0.01757
10/26/2016,14.24,0.01794
10/27/2016,15.36,0.01855
10/28/2016,16.19,0.01848
10/31/2016,17.06,0.01826
11/1/2016,18.56,0.01828
11/2/2016,19.32,0.01803
11/3/2016,22.08,0.01812
11/4/2016,22.51,0.01777
11/7/2016,18.71,0.01827
11/8/2016,18.74,0.01856
11/9/2016,14.38,0.02058
11/10/2016,14.74,0.02151
11/11/2016,14.17,0.02151
11/14/2016,14.48,0.02262
11/15/2016,13.37,0.0222
11/16/2016,13.72,0.02223
11/17/2016,13.35,0.02304
11/18/2016,12.85,0.02356
11/21/2016,12.42,0.02316
11/22/2016,12.41,0.02313
11/23/2016,12.43,0.02351
11/24/2016,12.43,0.02351
11/25/2016,12.34,0.02358
11/28/2016,13.15,0.02313
11/29/2016,12.9,0.02292
11/30/2016,13.33,0.02382
12/1/2016,14.07,0.02449
12/2/2016,14.12,0.02384
12/5/2016,12.14,0.02395
12/6/2016,11.79,0.0239
12/7/2016,12.22,0.02341
12/8/2016,12.64,0.02408
12/9/2016,11.75,0.02468
12/12/2016,12.64,0.02472
12/13/2016,12.72,0.02472
12/14/2016,13.19,0.02572
12/15/2016,12.79,0.02598
12/16/2016,12.2,0.02593
12/19/2016,11.71,0.02539
12/20/2016,11.45,0.0256
12/21/2016,11.27,0.02536
12/22/2016,11.43,0.02552
12/23/2016,11.44,0.02538
12/26/2016,11.44,0.02538
12/27/2016,11.99,0.02561
12/28/2016,12.95,0.02509
12/29/2016,13.37,0.02476
12/30/2016,14.04,0.02445
1/2/2017,14.04,0.02445
1/3/2017,12.85,0.02445
1/4/2017,11.85,0.0244
1/5/2017,11.67,0.02345
1/6/2017,11.32,0.0242
1/9/2017,11.56,0.02366
1/10/2017,11.49,0.02377
1/11/2017,11.26,0.02373
1/12/2017,11.54,0.02364
1/13/2017,11.23,0.02397
1/16/2017,11.23,0.02397
1/17/2017,11.87,0.02326
1/18/2017,12.48,0.0243
1/19/2017,12.78,0.02475
1/20/2017,11.54,0.02468
1/23/2017,11.77,0.02398
1/24/2017,11.07,0.02466
1/25/2017,10.81,0.02513
1/26/2017,10.63,0.02505
1/27/2017,10.58,0.02485
1/30/2017,11.88,0.02489
1/31/2017,11.99,0.02454
2/1/2017,11.81,0.02471
2/2/2017,11.93,0.02475
2/3/2017,10.97,0.02466
2/6/2017,11.37,0.02409
2/7/2017,11.29,0.02394
2/8/2017,11.45,0.02337
2/9/2017,10.88,0.02396
2/10/2017,10.85,0.02408
2/13/2017,11.07,0.02437
2/14/2017,10.74,0.02471
2/15/2017,11.97,0.02494
2/16/2017,11.76,0.02448
2/17/2017,11.49,0.02416
2/20/2017,11.49,0.02416
2/21/2017,11.57,0.0243
2/22/2017,11.74,0.02414
2/23/2017,11.71,0.02373
2/24/2017,11.47,0.02313
2/27/2017,12.09,0.02366
2/28/2017,12.92,0.02391
3/1/2017,12.54,0.02454
3/2/2017,11.81,0.02479
3/3/2017,10.96,0.02479
3/6/2017,11.24,0.02501
3/7/2017,11.45,0.02519
3/8/2017,11.86,0.02561
3/9/2017,12.3,0.02606
3/10/2017,11.66,0.02575
3/13/2017,11.35,0.02627
3/14/2017,12.3,0.02601
3/15/2017,11.63,0.02494
3/16/2017,11.21,0.02541
3/17/2017,11.28,0.02501
3/20/2017,11.34,0.02462
3/21/2017,12.47,0.02418
3/22/2017,12.81,0.02406
3/23/2017,13.12,0.0242
3/24/2017,12.96,0.02413
3/27/2017,12.5,0.02379
3/28/2017,11.53,0.02419
3/29/2017,11.42,0.02377
3/30/2017,11.54,0.02421
3/31/2017,12.37,0.02388
4/3/2017,12.38,0.0232
4/4/2017,11.79,0.02361
4/5/2017,12.89,0.02336
4/6/2017,12.39,0.02342
4/7/2017,12.87,0.02383
4/10/2017,14.05,0.02367
4/11/2017,15.07,0.02297
4/12/2017,15.77,0.0224
4/13/2017,15.96,0.02238
4/14/2017,15.96,0.02238
4/17/2017,14.66,0.02251
4/18/2017,14.42,0.02169
4/19/2017,14.93,0.02215
4/20/2017,14.15,0.02233
4/21/2017,14.63,0.02249
4/24/2017,10.84,0.02274
4/25/2017,10.76,0.02333
4/26/2017,10.85,0.02304
4/27/2017,10.36,0.02295
4/28/2017,10.82,0.02281
5/1/2017,10.11,0.02319
5/2/2017,10.59,0.02281
5/3/2017,10.68,0.02319
5/4/2017,10.46,0.02355
5/5/2017,10.57,0.0235
5/8/2017,9.77,0.02388
5/9/2017,9.96,0.02399
5/10/2017,10.21,0.02415
5/11/2017,10.6,0.02388
5/12/2017,10.4,0.02327
5/15/2017,10.42,0.02344
5/16/2017,10.65,0.02327
5/17/2017,15.59,0.02225
5/18/2017,14.66,0.0223
5/19/2017,12.04,0.02235
5/22/2017,10.93,0.02255
5/23/2017,10.72,0.02281
5/24/2017,10.02,0.02251
5/25/2017,9.99,0.02256
5/26/2017,9.81,0.02247
5/29/2017,9.81,0.02247
5/30/2017,10.38,0.02211
5/31/2017,10.41,0.02204
6/1/2017,9.89,0.02212
6/2/2017,9.75,0.0216
6/5/2017,10.07,0.02183
6/6/2017,10.45,0.02146
6/7/2017,10.39,0.02174
6/8/2017,10.16,0.02189
6/9/2017,10.7,0.02201
6/12/2017,11.46,0.02215
6/13/2017,10.42,0.02212
6/14/2017,10.64,0.02126
6/15/2017,10.9,0.02165
6/16/2017,10.38,0.02152
6/19/2017,10.37,0.0219
6/20/2017,10.86,0.02157
6/21/2017,10.75,0.02164
6/22/2017,10.48,0.02149
6/23/2017,10.02,0.02143
6/26/2017,9.9,0.02138
6/27/2017,11.06,0.02206
6/28/2017,10.03,0.02229
6/29/2017,11.44,0.02267
6/30/2017,11.18,0.02305
7/3/2017,11.22,0.02351
7/4/2017,11.22,0.02351
7/5/2017,11.07,0.02324
7/6/2017,12.54,0.02367
7/7/2017,11.19,0.02386
7/10/2017,11.11,0.02374
7/11/2017,10.89,0.02361
7/12/2017,10.3,0.02319
7/13/2017,9.9,0.02345
7/14/2017,9.51,0.02333
7/17/2017,9.82,0.02315
7/18/2017,9.89,0.0226
7/19/2017,9.79,0.0227
7/20/2017,9.58,0.0226
7/21/2017,9.36,0.02238
7/24/2017,9.43,0.02256
7/25/2017,9.43,0.02336
7/26/2017,9.6,0.02288
7/27/2017,10.11,0.02311
7/28/2017,10.29,0.0229
7/31/2017,10.26,0.02295
8/1/2017,10.09,0.02254
8/2/2017,10.28,0.02272
8/3/2017,10.44,0.02222
8/4/2017,10.03,0.02263
8/7/2017,9.93,0.02254
8/8/2017,10.96,0.02263
8/9/2017,11.11,0.02249
8/10/2017,16.04,0.02198
8/11/2017,15.51,0.0219
8/14/2017,12.33,0.02219
8/15/2017,12.04,0.02274
8/16/2017,11.74,0.02223
8/17/2017,15.55,0.02186
8/18/2017,14.26,0.02195
8/21/2017,13.19,0.02183
8/22/2017,11.35,0.02214
8/23/2017,12.25,0.02167
8/24/2017,12.23,0.02195
8/25/2017,11.28,0.02167
8/28/2017,11.32,0.02159
8/29/2017,11.7,0.0213
8/30/2017,11.22,0.02132
8/31/2017,10.59,0.02118
9/1/2017,10.13,0.02167
9/4/2017,10.13,0.02167
9/5/2017,12.23,0.0206
9/6/2017,11.63,0.02105
9/7/2017,11.55,0.0204
9/8/2017,12.12,0.02052
9/11/2017,10.73,0.02131
9/12/2017,10.58,0.02168
9/13/2017,10.5,0.02189
9/14/2017,10.44,0.02186
9/15/2017,10.17,0.02203
9/18/2017,10.15,0.0223
9/19/2017,10.18,0.02245
9/20/2017,9.78,0.02268
9/21/2017,9.67,0.02277
9/22/2017,9.59,0.02251
9/25/2017,10.21,0.02221
9/26/2017,10.17,0.02237
9/27/2017,9.87,0.02311
9/28/2017,9.55,0.02309
9/29/2017,9.51,0.02334
10/2/2017,9.45,0.02342
10/3/2017,9.51,0.02324
10/4/2017,9.63,0.02324
10/5/2017,9.19,0.02349
10/6/2017,9.65,0.0236
10/9/2017,10.33,0.0236
10/10/2017,10.08,0.02362
10/11/2017,9.85,0.02349
10/12/2017,9.91,0.02319
10/13/2017,9.61,0.02274
10/16/2017,9.91,0.02304
10/17/2017,10.31,0.02301
10/18/2017,10.07,0.02347
10/19/2017,10.05,0.02319
10/20/2017,9.97,0.02385
10/23/2017,11.07,0.02367
10/24/2017,11.16,0.0242
10/25/2017,11.23,0.02433
10/26/2017,11.3,0.02462
10/27/2017,9.8,0.02407
10/30/2017,10.5,0.02369
10/31/2017,10.18,0.0238
11/1/2017,10.2,0.02373
11/2/2017,9.93,0.02346
11/3/2017,9.14,0.02333
11/6/2017,9.4,0.02317
11/7/2017,9.89,0.02315
11/8/2017,9.78,0.02335
11/9/2017,10.5,0.02342
11/10/2017,11.29,0.02399
11/13/2017,11.5,0.02406
11/14/2017,11.59,0.02373
11/15/2017,13.13,0.02323
11/16/2017,11.76,0.02376
11/17/2017,11.43,0.02344
11/20/2017,10.65,0.02367
11/21/2017,9.73,0.02357
11/22/2017,9.88,0.0232
11/23/2017,9.88,0.0232
11/24/2017,9.67,0.02343
11/27/2017,9.87,0.02329
11/28/2017,10.03,0.02329
11/29/2017,10.7,0.02389
11/30/2017,11.28,0.02411
12/1/2017,11.43,0.02362
12/4/2017,11.68,0.02373
12/5/2017,11.33,0.02352
12/6/2017,11.02,0.02339
12/7/2017,10.16,0.02364
12/8/2017,9.58,0.02377
12/11/2017,9.34,0.02389
12/12/2017,9.92,0.02402
12/13/2017,10.18,0.02343
12/14/2017,10.49,0.0235
12/15/2017,9.42,0.02354
12/18/2017,9.53,0.02395
12/19/2017,10.03,0.02465
12/20/2017,9.72,0.02498
12/21/2017,9.62,0.02484
12/22/2017,9.9,0.02482
12/25/2017,9.9,0.02482
12/26/2017,10.25,0.02477
12/27/2017,10.47,0.02412
12/28/2017,10.18,0.02431
12/29/2017,11.04,0.02406
1/1/2018,11.04,0.02406
1/2/2018,9.77,0.02464
1/3/2018,9.15,0.02448
1/4/2018,9.22,0.02453
1/5/2018,9.22,0.02477
1/8/2018,9.52,0.02481
1/9/2018,10.08,0.02554
1/10/2018,9.82,0.02558
1/11/2018,9.88,0.02538
1/12/2018,10.16,0.02548
1/15/2018,10.16,0.02548
1/16/2018,11.66,0.02538
1/17/2018,11.91,0.02591
1/18/2018,12.22,0.02627
1/19/2018,11.27,0.0266
1/22/2018,11.03,0.02651
1/23/2018,11.1,0.02614
1/24/2018,11.47,0.02647
1/25/2018,11.58,0.02618
1/26/2018,11.08,0.02661
1/29/2018,13.84,0.02695
1/30/2018,14.79,0.02721
1/31/2018,13.54,0.02706
2/1/2018,13.47,0.02791
2/2/2018,17.31,0.02842
2/5/2018,37.32,0.02707
2/6/2018,29.98,0.02803
2/7/2018,27.73,0.02837
2/8/2018,33.46,0.02825
2/9/2018,29.06,0.02852
2/12/2018,25.61,0.02859
2/13/2018,24.97,0.0283
2/14/2018,19.26,0.02903
2/15/2018,19.13,0.0291
2/16/2018,19.46,0.02876
2/19/2018,19.46,0.02876
2/20/2018,20.6,0.0289
2/21/2018,20.02,0.02951
2/22/2018,18.72,0.02922
2/23/2018,16.49,0.02868
2/26/2018,15.8,0.02863
2/27/2018,18.59,0.02894
2/28/2018,19.85,0.02862
3/1/2018,22.47,0.02809
3/2/2018,19.59,0.02865
3/5/2018,18.73,0.02882
3/6/2018,18.36,0.02887
3/7/2018,17.76,0.02884
3/8/2018,16.54,0.02858
3/9/2018,14.64,0.02895
3/12/2018,15.78,0.02869
3/13/2018,16.35,0.02843
3/14/2018,17.23,0.02818
3/15/2018,16.59,0.02829
3/16/2018,15.8,0.02845
3/19/2018,19.02,0.02856
3/20/2018,18.2,0.02897
3/21/2018,17.86,0.02884
3/22/2018,23.34,0.02825
3/23/2018,24.87,0.02814
3/26/2018,21.03,0.02853
3/27/2018,22.5,0.02776
3/28/2018,22.87,0.02782
3/29/2018,19.97,0.0274
3/30/2018,19.97,0.0274
4/2/2018,23.62,0.02731
4/3/2018,21.1,0.02776
4/4/2018,20.06,0.02804
4/5/2018,18.94,0.02833
4/6/2018,21.49,0.02774
4/9/2018,21.77,0.0278
4/10/2018,20.47,0.02802
4/11/2018,20.24,0.02782
4/12/2018,18.49,0.02837
4/13/2018,17.41,0.02828
4/16/2018,16.56,0.02828
4/17/2018,15.25,0.02829
4/18/2018,15.6,0.02874
4/19/2018,15.96,0.02911
4/20/2018,16.88,0.02961
4/23/2018,16.34,0.02976
4/24/2018,18.02,0.03
4/25/2018,17.84,0.03027
4/26/2018,16.24,0.02982
4/27/2018,15.41,0.02958
4/30/2018,15.93,0.02954
5/1/2018,15.49,0.02965
5/2/2018,15.97,0.02967
5/3/2018,15.9,0.02947
5/4/2018,14.77,0.02951
5/7/2018,14.75,0.02951
5/8/2018,14.71,0.02977
5/9/2018,13.42,0.03005
5/10/2018,13.23,0.02963
5/11/2018,12.65,0.02971
5/14/2018,12.93,0.03003
5/15/2018,14.63,0.03073
5/16/2018,13.42,0.03097
5/17/2018,13.43,0.03112
5/18/2018,13.42,0.03057
5/21/2018,13.08,0.03061
5/22/2018,13.22,0.03061
5/23/2018,12.58,0.02994
5/24/2018,12.53,0.02978
5/25/2018,13.22,0.02932
5/28/2018,13.22,0.02932
5/29/2018,17.02,0.02782
5/30/2018,14.94,0.02856
5/31/2018,15.43,0.02859
6/1/2018,13.46,0.02903
6/4/2018,12.74,0.02943
6/5/2018,12.4,0.02929
6/6/2018,11.64,0.02973
6/7/2018,12.13,0.02921
6/8/2018,12.18,0.02947
6/11/2018,12.35,0.02953
6/12/2018,12.34,0.02962
6/13/2018,12.94,0.02967
6/14/2018,12.12,0.02936
6/15/2018,11.98,0.02921
6/18/2018,12.31,0.02918
6/19/2018,13.35,0.02898
6/20/2018,12.79,0.0294
6/21/2018,14.64,0.02898
6/22/2018,13.77,0.02896
6/25/2018,17.33,0.02881
6/26/2018,15.92,0.02878
6/27/2018,17.91,0.02826
6/28/2018,16.85,0.02837
6/29/2018,16.09,0.02861
7/2/2018,15.6,0.02872
7/3/2018,16.14,0.02832
7/4/2018,16.14,0.02832
7/5/2018,14.97,0.0283
7/6/2018,13.37,0.02823
7/9/2018,12.69,0.02857
7/10/2018,12.64,0.02851
7/11/2018,13.63,0.0285
7/12/2018,12.58,0.02847
7/13/2018,12.18,0.02828
7/16/2018,12.83,0.02859
7/17/2018,12.06,0.02861
7/18/2018,12.1,0.0287
7/19/2018,12.87,0.02839
7/20/2018,12.86,0.02894
7/23/2018,12.62,0.02956
7/24/2018,12.41,0.02949
7/25/2018,12.29,0.02975
7/26/2018,12.14,0.02977
7/27/2018,13.03,0.02955
7/30/2018,14.26,0.02974
7/31/2018,12.83,0.02961
8/1/2018,13.15,0.03007
8/2/2018,12.19,0.02987
8/3/2018,11.64,0.0295
8/6/2018,11.27,0.0294
8/7/2018,10.93,0.02974
8/8/2018,10.85,0.02961
8/9/2018,11.27,0.02927
8/10/2018,13.16,0.02874
8/13/2018,14.78,0.0288
8/14/2018,13.31,0.02899
8/15/2018,14.64,0.02863
8/16/2018,13.45,0.02867
8/17/2018,12.64,0.02861
8/20/2018,12.49,0.0282
8/21/2018,12.86,0.02831
8/22/2018,12.25,0.0282
8/23/2018,12.41,0.02827
8/24/2018,11.99,0.02811
8/27/2018,12.16,0.02847
8/28/2018,12.5,0.02881
8/29/2018,12.25,0.02885
8/30/2018,13.53,0.02856
8/31/2018,12.86,0.02861
9/3/2018,12.86,0.02861
9/4/2018,13.16,0.02899
9/5/2018,13.91,0.02903
9/6/2018,14.65,0.02874
9/7/2018,14.88,0.02941
9/10/2018,14.16,0.02932
9/11/2018,13.22,0.02976
9/12/2018,13.14,0.02964
9/13/2018,12.37,0.02971
9/14/2018,12.07,0.02997
9/17/2018,13.68,0.02988
9/18/2018,12.79,0.03056
9/19/2018,11.75,0.03064
9/20/2018,11.8,0.03064
9/21/2018,11.68,0.03064
9/24/2018,12.2,0.0309
9/25/2018,12.42,0.03097
9/26/2018,12.89,0.03049
9/27/2018,12.41,0.03053
9/28/2018,12.12,0.03062
10/1/2018,12,0.03085
10/2/2018,12.05,0.03064
10/3/2018,11.61,0.03183
10/4/2018,14.22,0.03188
10/5/2018,14.82,0.03234
10/8/2018,15.69,0.03234
10/9/2018,15.95,0.03207
10/10/2018,22.96,0.03164
10/11/2018,24.98,0.03151
10/12/2018,21.31,0.03162
10/15/2018,21.3,0.03157
10/16/2018,17.62,0.03164
10/17/2018,17.4,0.03206
10/18/2018,20.06,0.0318
10/19/2018,19.89,0.03193
10/22/2018,19.64,0.03199
10/23/2018,20.71,0.03169
10/24/2018,25.23,0.03104
10/25/2018,24.22,0.03118
10/26/2018,24.16,0.03076
10/29/2018,24.7,0.03086
10/30/2018,23.35,0.03124
10/31/2018,21.23,0.03144
11/1/2018,19.34,0.03131
11/2/2018,19.51,0.03213
11/5/2018,19.96,0.03202
11/6/2018,19.91,0.03229
11/7/2018,16.36,0.03236
11/8/2018,16.72,0.03238
11/9/2018,17.36,0.03183
11/12/2018,20.45,0.03183
11/13/2018,20.02,0.03141
11/14/2018,21.25,0.03126
11/15/2018,19.98,0.03111
11/16/2018,18.14,0.03064
11/19/2018,20.1,0.03064
11/20/2018,22.48,0.03064
11/21/2018,20.8,0.03064
11/22/2018,20.8,0.03064
11/23/2018,21.52,0.03041
11/26/2018,18.9,0.03054
11/27/2018,19.02,0.03058
11/28/2018,18.49,0.0306
11/29/2018,18.79,0.03032
11/30/2018,18.07,0.02989
12/3/2018,16.44,0.02971
12/4/2018,20.74,0.02914
12/5/2018,20.74,0.02914
12/6/2018,21.19,0.02896
12/7/2018,23.23,0.02847
12/10/2018,22.64,0.02859
12/11/2018,21.76,0.0288
12/12/2018,21.46,0.0291
12/13/2018,20.65,0.02914
12/14/2018,21.63,0.02891
12/17/2018,24.52,0.02858
12/18/2018,25.58,0.02818
12/19/2018,25.58,0.02756
12/20/2018,28.38,0.02807
12/21/2018,30.11,0.02792
12/24/2018,36.07,0.0274
12/25/2018,36.07,0.0274
12/26/2018,30.41,0.02809
12/27/2018,29.96,0.02768
12/28/2018,28.34,0.0272
12/31/2018,25.42,0.02685
1/1/2019,25.42,0.02685
1/2/2019,23.22,0.02621
1/3/2019,25.45,0.02554
1/4/2019,21.38,0.02669
1/7/2019,21.4,0.02697
1/8/2019,20.47,0.02729
1/9/2019,19.98,0.02711
1/10/2019,19.5,0.02743
1/11/2019,18.19,0.02702
1/14/2019,19.07,0.02703
1/15/2019,18.6,0.02713
1/16/2019,19.04,0.02723
1/17/2019,18.06,0.02751
1/18/2019,17.8,0.02785
1/21/2019,17.8,0.02785
1/22/2019,20.8,0.0274
1/23/2019,19.52,0.02742
1/24/2019,18.89,0.02717
1/25/2019,17.42,0.02759
1/28/2019,18.87,0.02746
1/29/2019,19.13,0.02711
1/30/2019,17.66,0.02678
1/31/2019,16.57,0.0263
2/1/2019,16.14,0.02685
2/4/2019,15.73,0.02724
2/5/2019,15.57,0.02699
2/6/2019,15.38,0.02696
2/7/2019,16.37,0.02658
2/8/2019,15.72,0.02636
2/11/2019,15.97,0.02655
2/12/2019,15.43,0.02689
2/13/2019,15.65,0.02703
2/14/2019,16.22,0.02655
2/15/2019,14.91,0.02664
2/18/2019,14.91,0.02664
2/19/2019,14.88,0.02635
2/20/2019,14.02,0.02646
2/21/2019,14.46,0.02693
2/22/2019,13.51,0.02654
2/25/2019,14.85,0.02664
2/26/2019,15.17,0.02637
2/27/2019,14.7,0.02683
2/28/2019,14.78,0.02716
3/1/2019,13.57,0.02755
3/4/2019,14.63,0.02723
3/5/2019,14.74,0.02719
3/6/2019,15.74,0.02694
3/7/2019,16.59,0.0264
3/8/2019,16.05,0.0263
3/11/2019,14.33,0.0264
3/12/2019,13.77,0.02602
3/13/2019,13.41,0.02622
3/14/2019,13.5,0.02631
3/15/2019,12.88,0.02589
3/18/2019,13.1,0.02605
3/19/2019,13.56,0.02613
3/20/2019,13.91,0.02527
3/21/2019,13.63,0.02539
3/22/2019,16.48,0.02441
3/25/2019,16.33,0.024
3/26/2019,14.68,0.02424
3/27/2019,15.15,0.02368
3/28/2019,14.43,0.02396
3/29/2019,13.71,0.02406
4/1/2019,13.4,0.02502
4/2/2019,13.36,0.02475
4/3/2019,13.74,0.02525
4/4/2019,13.58,0.02516
4/5/2019,12.82,0.02496
4/8/2019,13.18,0.02523
4/9/2019,14.28,0.02502
4/10/2019,13.3,0.02467
4/11/2019,13.02,0.02498
4/12/2019,12.01,0.02566
4/15/2019,12.32,0.02555
4/16/2019,12.18,0.02591
4/17/2019,12.6,0.02595
4/18/2019,12.09,0.02561
4/19/2019,12.09,0.02561
4/22/2019,12.42,0.02589
4/23/2019,12.28,0.02566
4/24/2019,13.14,0.02519
4/25/2019,13.25,0.02533
4/26/2019,12.73,0.02499
4/29/2019,13.11,0.02527
4/30/2019,13.12,0.02503
5/1/2019,14.8,0.02501
5/2/2019,14.42,0.02542
5/3/2019,12.87,0.02526
5/6/2019,15.44,0.02471
5/7/2019,19.32,0.02458
5/8/2019,19.4,0.02484
5/9/2019,19.1,0.02444
5/10/2019,16.04,0.02468
5/13/2019,20.55,0.02402
5/14/2019,18.06,0.02411
5/15/2019,16.44,0.02374
5/16/2019,15.29,0.02395
5/17/2019,15.96,0.02392
5/20/2019,16.31,0.02417
5/21/2019,14.95,0.02427
5/22/2019,14.75,0.02383
5/23/2019,16.92,0.02319
5/24/2019,15.85,0.02321
5/27/2019,15.85,0.02321
5/28/2019,17.5,0.02267
5/29/2019,17.9,0.02263
5/30/2019,17.3,0.02214
5/31/2019,18.71,0.02125
6/3/2019,18.86,0.02072
6/4/2019,16.97,0.02131
6/5/2019,16.09,0.02136
6/6/2019,15.93,0.02118
6/7/2019,16.3,0.02083
6/10/2019,15.94,0.0215
6/11/2019,15.99,0.02144
6/12/2019,15.91,0.02121
6/13/2019,15.82,0.02096
6/14/2019,15.28,0.02081
6/17/2019,15.35,0.02095
6/18/2019,15.15,0.0206
6/19/2019,14.33,0.02024
6/20/2019,14.75,0.02029
6/21/2019,15.4,0.02056
6/24/2019,15.26,0.02015
6/25/2019,16.28,0.01986
6/26/2019,16.21,0.02048
6/27/2019,15.82,0.02015
6/28/2019,15.08,0.02006
7/1/2019,14.06,0.02026
7/2/2019,12.93,0.01975
7/3/2019,12.57,0.01951
7/4/2019,12.57,0.01951
7/5/2019,13.28,0.02035
7/8/2019,13.96,0.02048
7/9/2019,14.09,0.02066
7/10/2019,13.03,0.02062
7/11/2019,12.93,0.02139
7/12/2019,12.39,0.02123
7/15/2019,12.68,0.0209
7/16/2019,12.86,0.02103
7/17/2019,13.97,0.02046
7/18/2019,13.53,0.02025
7/19/2019,14.45,0.02056
7/22/2019,13.53,0.02047
7/23/2019,12.61,0.02082
7/24/2019,12.07,0.02045
7/25/2019,12.74,0.02082
7/26/2019,12.16,0.02071
7/29/2019,12.83,0.02066
7/30/2019,13.94,0.02059
7/31/2019,16.12,0.02015
8/1/2019,17.87,0.01894
8/2/2019,17.61,0.01847
8/5/2019,24.59,0.01709
8/6/2019,20.17,0.01704
8/7/2019,19.49,0.01735
8/8/2019,16.91,0.01718
8/9/2019,17.97,0.01746
8/12/2019,21.09,0.01646
8/13/2019,17.52,0.01705
8/14/2019,22.1,0.0158
8/15/2019,21.18,0.01529
8/16/2019,18.47,0.01555
8/19/2019,16.88,0.01607
8/20/2019,17.5,0.01556
8/21/2019,15.8,0.0159
8/22/2019,16.68,0.01615
8/23/2019,19.87,0.01536
8/26/2019,19.32,0.01536
8/27/2019,20.31,0.01473
8/28/2019,19.35,0.01481
8/29/2019,17.88,0.01496
8/30/2019,18.98,0.01498
9/2/2019,18.98,0.01498
9/3/2019,19.66,0.01458
9/4/2019,17.33,0.01467
9/5/2019,16.27,0.01559
9/6/2019,15,0.01561
9/9/2019,15.27,0.01645
9/10/2019,15.2,0.01732
9/11/2019,14.61,0.0174
9/12/2019,14.22,0.01772
9/13/2019,13.74,0.01898
9/16/2019,14.67,0.01848
9/17/2019,14.44,0.01803
9/18/2019,13.95,0.01798
9/19/2019,14.05,0.01786
9/20/2019,15.32,0.01723
9/23/2019,14.91,0.01728
9/24/2019,17.05,0.01646
9/25/2019,15.96,0.01738
9/26/2019,16.07,0.01694
9/27/2019,17.22,0.01683
9/30/2019,16.24,0.01666
10/1/2019,18.56,0.01637
10/2/2019,20.56,0.016
10/3/2019,19.12,0.01535
10/4/2019,17.04,0.0153
10/7/2019,17.86,0.0156
10/8/2019,20.28,0.0153
10/9/2019,18.64,0.01585
10/10/2019,17.57,0.0167
10/11/2019,15.58,0.01731
10/14/2019,14.57,0.01731
10/15/2019,13.54,0.01773
10/16/2019,13.68,0.0174
10/17/2019,13.79,0.01753
10/18/2019,14.25,0.01755
10/21/2019,14,0.01801
10/22/2019,14.46,0.01762
10/23/2019,14.01,0.01765
10/24/2019,13.71,0.01767
10/25/2019,12.65,0.01796
10/28/2019,13.11,0.01843
10/29/2019,13.2,0.01839
10/30/2019,12.33,0.01772
10/31/2019,13.22,0.01692
11/1/2019,12.3,0.01711
11/4/2019,12.83,0.01778
11/5/2019,13.1,0.01859
11/6/2019,12.62,0.01829
11/7/2019,12.73,0.01918
11/8/2019,12.07,0.01943
11/11/2019,12.69,0.01943
11/12/2019,12.68,0.01936
11/13/2019,13,0.01887
11/14/2019,13.05,0.0182
11/15/2019,12.05,0.01832
11/18/2019,12.46,0.01816
11/19/2019,12.86,0.01784
11/20/2019,12.78,0.01747
11/21/2019,13.13,0.01774
11/22/2019,12.34,0.01771
11/25/2019,11.87,0.01756
11/26/2019,11.54,0.01742
11/27/2019,11.75,0.01767
11/28/2019,11.75,0.01767
11/29/2019,12.62,0.01777
12/2/2019,14.91,0.0182
12/3/2019,15.96,0.01717
12/4/2019,14.8,0.01775
12/5/2019,14.52,0.01811
12/6/2019,13.62,0.01838
12/9/2019,15.86,0.0182
12/10/2019,15.68,0.01842
12/11/2019,14.99,0.01793
12/12/2019,13.94,0.01893
12/13/2019,12.63,0.01823
12/16/2019,12.14,0.01872
12/17/2019,12.29,0.01881
12/18/2019,12.58,0.01918
12/19/2019,12.5,0.01921
12/20/2019,12.51,0.01918
12/23/2019,12.61,0.0193
12/24/2019,12.67,0.01901
12/25/2019,12.67,0.01901
12/26/2019,12.65,0.01895
12/27/2019,13.43,0.01877
12/30/2019,14.82,0.0188
12/31/2019,13.78,0.01919
1/1/2020,13.78,0.01919
1/2/2020,12.47,0.01878
1/3/2020,14.02,0.01789
1/6/2020,13.85,0.0181
1/7/2020,13.79,0.01819
1/8/2020,13.45,0.01875
1/9/2020,12.54,0.01856
1/10/2020,12.56,0.01821
1/13/2020,12.32,0.01847
1/14/2020,12.39,0.01812
1/15/2020,12.42,0.01784
1/16/2020,12.32,0.01808
1/17/2020,12.1,0.01822
1/20/2020,12.1,0.01822
1/21/2020,12.85,0.01775
1/22/2020,12.91,0.0177
1/23/2020,12.98,0.01733
1/24/2020,14.56,0.01685
1/27/2020,18.23,0.01609
1/28/2020,16.28,0.01657
1/29/2020,16.39,0.01585
1/30/2020,15.49,0.01586
1/31/2020,18.84,0.01508
2/3/2020,17.97,0.01528
2/4/2020,16.05,0.016
2/5/2020,15.15,0.01652
2/6/2020,14.96,0.01644
2/7/2020,15.47,0.01584
2/10/2020,15.04,0.01571
2/11/2020,15.18,0.01601
2/12/2020,13.74,0.01634
2/13/2020,14.15,0.01618
2/14/2020,13.68,0.01587
2/17/2020,13.68,0.01587
2/18/2020,14.83,0.01562
2/19/2020,14.38,0.01568
2/20/2020,15.56,0.01516
2/21/2020,17.08,0.01472
2/24/2020,25.03,0.01371
2/25/2020,27.85,0.01354
2/26/2020,27.56,0.01339
2/27/2020,39.16,0.01262
2/28/2020,40.11,0.0115
3/2/2020,33.42,0.01165
3/3/2020,36.82,0.01001
3/4/2020,31.99,0.01054
3/5/2020,39.62,0.00914
3/6/2020,41.94,0.00764
3/9/2020,54.46,0.00543
3/10/2020,47.3,0.00805
3/11/2020,53.9,0.00872
3/12/2020,75.47,0.00811
3/13/2020,57.83,0.00964
3/16/2020,82.69,0.00721
3/17/2020,75.91,0.01082
3/18/2020,76.45,0.01195
3/19/2020,72,0.01144
3/20/2020,66.04,0.00848
3/23/2020,61.59,0.00789
3/24/2020,61.67,0.0085
3/25/2020,63.95,0.0087
3/26/2020,61,0.00849
3/27/2020,65.54,0.00679
3/30/2020,57.08,0.00729
3/31/2020,53.54,0.0067
4/1/2020,57.06,0.00584
4/2/2020,50.91,0.00599
4/3/2020,46.8,0.00597
4/6/2020,45.24,0.00672
4/7/2020,46.7,0.00714
4/8/2020,43.35,0.00773
4/9/2020,41.67,0.00721
4/10/2020,41.67,0.00721
4/13/2020,41.17,0.00774
4/14/2020,37.76,0.00754
4/15/2020,40.84,0.00632
4/16/2020,40.11,0.00628
4/17/2020,38.15,0.00643
4/20/2020,43.83,0.00607
4/21/2020,45.41,0.00571
4/22/2020,41.98,0.00621
4/23/2020,41.38,0.00603
4/24/2020,35.93,0.00602
4/27/2020,33.29,0.00661
4/28/2020,33.57,0.00614
4/29/2020,31.23,0.00628
4/30/2020,34.15,0.0064
5/1/2020,37.19,0.00614
5/4/2020,35.97,0.00636
5/5/2020,33.61,0.00663
5/6/2020,34.12,0.00704
5/7/2020,31.44,0.00642
5/8/2020,27.98,0.00685
5/11/2020,27.57,0.00711
5/12/2020,33.04,0.00666
5/13/2020,35.28,0.00653
5/14/2020,32.61,0.00623
5/15/2020,31.89,0.00644
5/18/2020,29.3,0.00727
5/19/2020,30.53,0.0069
5/20/2020,27.99,0.00681
5/21/2020,29.53,0.00673
5/22/2020,28.16,0.0066
5/25/2020,28.16,0.0066
5/26/2020,28.01,0.00698
5/27/2020,27.62,0.00683
5/28/2020,28.59,0.00692
5/29/2020,27.51,0.00653
6/1/2020,28.23,0.0066
6/2/2020,26.84,0.00686
6/3/2020,25.66,0.00747
6/4/2020,25.81,0.00825
6/5/2020,24.52,0.00896
6/8/2020,25.81,0.00876
6/9/2020,27.57,0.00826
6/10/2020,27.57,0.00728
6/11/2020,40.79,0.00671
6/12/2020,36.09,0.00705
6/15/2020,34.4,0.00722
6/16/2020,33.67,0.00754
6/17/2020,33.47,0.00739
6/18/2020,32.94,0.00709
6/19/2020,35.12,0.00695
6/22/2020,31.77,0.00709
6/23/2020,31.37,0.00713
6/24/2020,33.84,0.0068
6/25/2020,32.22,0.00686
6/26/2020,34.73,0.00642
6/29/2020,31.78,0.00624
6/30/2020,30.43,0.00657
7/1/2020,28.62,0.00677
7/2/2020,27.68,0.0067
7/3/2020,27.68,0.0067
7/6/2020,27.94,0.00678
7/7/2020,29.43,0.00641
7/8/2020,28.08,0.00665
7/9/2020,29.26,0.00614
7/10/2020,27.29,0.00646
7/13/2020,32.19,0.00619
7/14/2020,29.52,0.00624
7/15/2020,27.76,0.00631
7/16/2020,28,0.00618
7/17/2020,25.68,0.00627
7/20/2020,24.46,0.00612
7/21/2020,24.84,0.00602
7/22/2020,24.32,0.00599
7/23/2020,26.08,0.00579
7/24/2020,25.84,0.0059
7/27/2020,24.74,0.00616
7/28/2020,25.44,0.0058
